,location_id,partner_id,product_id,year,export_value,import_value
0,14,7,103,2017,19772402.0,119054.0
1,14,8,103,2017,0.0,2133497.0
2,14,15,103,2017,260383.0,30942635.0
3,14,18,103,2017,1028.0,4960393.0
4,14,23,103,2017,0.0,4305610.0
5,14,24,103,2017,6460795.0,52177.0
6,14,32,103,2017,0.0,1380488.0
7,14,33,103,2017,14880.0,0.0
8,14,39,103,2017,3817722.0,2103243.0
9,14,41,103,2017,2021.0,2927789.0
10,14,42,103,2017,364697.0,0.0
11,14,43,103,2017,313653469.0,16967973.0
12,14,49,103,2017,1328.0,0.0
13,14,52,103,2017,10617.0,0.0
14,14,58,103,2017,0.0,12177058.0
15,14,61,103,2017,868663.0,18219651.0
16,14,64,103,2017,7619.0,29849451.0
17,14,65,103,2017,845.0,0.0
18,14,71,103,2017,34220.0,3751079.0
19,14,74,103,2017,24210.0,283372.0
20,14,77,103,2017,8141.0,36823327.0
21,14,81,103,2017,1393921.0,18682808.0
22,14,90,103,2017,8014.0,14706668.0
23,14,93,103,2017,303109.0,40316.0
24,14,96,103,2017,1007067.0,0.0
25,14,97,103,2017,77247669.0,1655263.0
26,14,99,103,2017,3676.0,0.0
27,14,102,103,2017,0.0,330390.0
28,14,103,103,2017,111843596.0,1444979.0
29,14,104,103,2017,582181.0,4254261.0
30,14,106,103,2017,95223.0,5483885.0
31,14,111,103,2017,200579.0,43079368.0
32,14,113,103,2017,2341433.0,8109.0
33,14,114,103,2017,286834046.0,0.0
34,14,118,103,2017,813645.0,0.0
35,14,121,103,2017,64409055.0,5512554.0
36,14,122,103,2017,15922326.0,35102.0
37,14,130,103,2017,57118.0,510494.0
38,14,138,103,2017,3703926.0,0.0
39,14,153,103,2017,87433067.0,1312446.0
40,14,160,103,2017,640.0,0.0
41,14,162,103,2017,1108929.0,39576659.0
42,14,163,103,2017,0.0,5137658.0
43,14,166,103,2017,45350350.0,527379740.0
44,14,173,103,2017,279573.0,11078.0
45,14,174,103,2017,50926779.0,1296534.0
46,14,177,103,2017,0.0,4290337.0
47,14,179,103,2017,0.0,40079.0
48,14,188,103,2017,9156571.0,189221.0
49,14,192,103,2017,122723651.0,633225.0
50,14,197,103,2017,2394176.0,0.0
51,14,206,103,2017,1927.0,678975.0
52,14,208,103,2017,0.0,1176865.0
53,14,216,103,2017,59924654.0,981035.0
54,14,222,103,2017,210036.0,0.0
55,14,224,103,2017,583632.0,38941.0
56,14,230,103,2017,0.0,5135.0
57,14,231,103,2017,17521332.0,138201754.0
58,14,246,103,2017,1431527.0,62065.0
59,14,249,103,2017,61562770.0,1530757.0
60,14,124,103,2017,342198.0,15359.0
61,14,131,103,2017,15548.0,0.0
62,14,168,103,2017,379643.0,7594.0
63,14,243,103,2017,11205049.0,0.0
64,14,2,103,2017,9265.0,0.0
65,14,107,103,2017,0.0,57076.0
66,14,115,103,2017,273260.0,0.0
67,14,128,103,2017,16948622.0,35432.0
68,14,183,103,2017,3147636.0,0.0
69,14,212,103,2017,157898.0,0.0
70,14,73,103,2017,0.0,2238.0
71,14,185,103,2017,0.0,40550.0
72,14,186,103,2017,6530.0,0.0
73,14,145,103,2017,215355.0,0.0
74,14,226,103,2017,17910.0,0.0
75,14,140,103,2017,0.0,160086.0
76,14,134,103,2017,605437.0,0.0
77,14,239,103,2017,28437537.0,459763.0
78,14,22,103,2017,23220838.0,140554.0
79,14,159,103,2017,1183806.0,0.0
80,14,142,103,2017,514986.0,0.0
81,14,143,103,2017,3556568.0,0.0
82,14,10,103,2017,2063288.0,0.0
83,14,26,103,2017,0.0,45433.0
84,14,68,103,2017,2419660.0,70204.0
85,14,82,103,2017,126328.0,0.0
86,14,100,103,2017,0.0,77086.0
87,14,108,103,2017,6577762.0,0.0
88,14,116,103,2017,64749.0,0.0
89,14,132,103,2017,0.0,42462.0
90,14,151,103,2017,11938106.0,0.0
91,14,164,103,2017,216080.0,6133.0
92,14,167,103,2017,4494696.0,4237.0
93,14,187,103,2017,19701.0,0.0
94,14,201,103,2017,0.0,32363.0
95,14,223,103,2017,30711.0,0.0
96,14,211,103,2017,268165.0,0.0
97,14,66,103,2017,6843242.0,0.0
98,14,83,103,2017,723744.0,156.0
99,14,139,103,2017,3024.0,0.0
100,14,242,103,2017,1791354.0,0.0
101,14,148,103,2017,120318.0,0.0
102,14,136,103,2017,98964.0,0.0
103,14,220,103,2017,572795.0,0.0
104,14,176,103,2017,10720044.0,0.0
105,14,34,103,2017,3776690.0,0.0
106,14,133,103,2017,210468.0,0.0
107,14,156,103,2017,1174936.0,0.0
108,14,196,103,2017,1322.0,0.0
109,14,247,103,2017,152301.0,0.0
110,14,165,103,2017,523695.0,70401.0
111,14,158,103,2017,2320.0,0.0
112,14,240,103,2017,1834643.0,0.0
113,14,182,103,2017,2830761.0,0.0
114,14,195,103,2017,314205.0,0.0
115,14,75,103,2017,4821044.0,160470.0
116,14,175,103,2017,1160.0,0.0
117,14,48,103,2017,138249.0,0.0
118,14,119,103,2017,240103.0,0.0
119,14,79,103,2017,21894.0,0.0
120,14,137,103,2017,1553359.0,0.0
121,14,95,103,2017,1615211.0,0.0
122,14,146,103,2017,116015.0,0.0
123,14,221,103,2017,14189.0,0.0
124,14,225,103,2017,1705.0,0.0
125,14,56,103,2017,108516.0,0.0
126,14,7,117,2017,844910.0,74693.0
127,14,8,117,2017,8332.0,11294901.0
128,14,15,117,2017,0.0,617932.0
129,14,18,117,2017,1844.0,25998929.0
130,14,23,117,2017,909.0,673300.0
131,14,24,117,2017,94731.0,0.0
132,14,32,117,2017,84114.0,12572.0
133,14,39,117,2017,473457.0,3200559.0
134,14,41,117,2017,19725.0,24326192.0
135,14,42,117,2017,14476.0,1348.0
136,14,43,117,2017,4519430.0,25763410.0
137,14,49,117,2017,0.0,96450.0
138,14,58,117,2017,47562.0,0.0
139,14,61,117,2017,44028.0,85163586.0
140,14,64,117,2017,0.0,594165.0
141,14,65,117,2017,1734.0,41645.0
142,14,67,117,2017,0.0,2354572.0
143,14,71,117,2017,7928.0,3627939.0
144,14,74,117,2017,24349.0,48634.0
145,14,77,117,2017,14801.0,26681463.0
146,14,81,117,2017,974436.0,25756768.0
147,14,90,117,2017,110354.0,706593.0
148,14,97,117,2017,10088740.0,170366.0
149,14,99,117,2017,0.0,1272.0
150,14,102,117,2017,0.0,820753.0
151,14,103,117,2017,4340421.0,37093037.0
152,14,104,117,2017,131141.0,1253355.0
153,14,106,117,2017,10420.0,1459066.0
154,14,111,117,2017,1389.0,58466690.0
155,14,113,117,2017,48368.0,1064.0
156,14,114,117,2017,27402463.0,612592.0
157,14,118,117,2017,6187.0,0.0
158,14,121,117,2017,546126.0,1768159.0
159,14,122,117,2017,126069.0,0.0
160,14,130,117,2017,0.0,206443.0
161,14,138,117,2017,0.0,433011.0
162,14,153,117,2017,6360624.0,39288812.0
163,14,162,117,2017,124104.0,22893962.0
164,14,163,117,2017,7499.0,29889.0
165,14,166,117,2017,97887209.0,79383528.0
166,14,169,117,2017,2936.0,0.0
167,14,173,117,2017,0.0,4113533.0
168,14,174,117,2017,3999110.0,177571.0
169,14,177,117,2017,0.0,12218876.0
170,14,179,117,2017,1395.0,171051.0
171,14,180,117,2017,33291.0,0.0
172,14,188,117,2017,728837.0,0.0
173,14,190,117,2017,677.0,0.0
174,14,192,117,2017,5573970.0,124300645.0
175,14,206,117,2017,6759.0,569515.0
176,14,207,117,2017,0.0,141120.0
177,14,208,117,2017,0.0,997915.0
178,14,216,117,2017,5114776.0,611427.0
179,14,222,117,2017,0.0,5710.0
180,14,224,117,2017,138059.0,348360.0
181,14,231,117,2017,1034627.0,42775343.0
182,14,236,117,2017,0.0,6747.0
183,14,246,117,2017,73862.0,522191.0
184,14,249,117,2017,1258699.0,221759.0
185,14,250,117,2017,24449.0,0.0
186,14,29,117,2017,0.0,5537.0
187,14,59,117,2017,9513.0,62759.0
188,14,124,117,2017,56330.0,109598.0
189,14,131,117,2017,0.0,1126072.0
190,14,168,117,2017,138743.0,7656.0
191,14,107,117,2017,0.0,12318.0
192,14,110,117,2017,0.0,299292.0
193,14,115,117,2017,21562.0,0.0
194,14,128,117,2017,11561.0,213602.0
195,14,183,117,2017,19277.0,0.0
196,14,228,117,2017,0.0,19687.0
197,14,13,117,2017,0.0,2062260.0
198,14,185,117,2017,8663.0,10659.0
199,14,186,117,2017,9135.0,61596.0
200,14,31,117,2017,0.0,178.0
201,14,145,117,2017,15123.0,0.0
202,14,226,117,2017,0.0,36146.0
203,14,44,117,2017,0.0,12686844.0
204,14,140,117,2017,0.0,17254.0
205,14,239,117,2017,414066.0,715791.0
206,14,22,117,2017,9593.0,73909.0
207,14,72,117,2017,915.0,0.0
208,14,143,117,2017,109702.0,0.0
209,14,16,117,2017,13120.0,0.0
210,14,26,117,2017,0.0,18112.0
211,14,68,117,2017,0.0,1078445.0
212,14,82,117,2017,35092.0,0.0
213,14,100,117,2017,0.0,306120.0
214,14,116,117,2017,919.0,0.0
215,14,132,117,2017,0.0,5941.0
216,14,167,117,2017,15278.0,0.0
217,14,201,117,2017,0.0,93482.0
218,14,227,117,2017,0.0,33110.0
219,14,83,117,2017,0.0,586849.0
220,14,242,117,2017,20216.0,19422.0
221,14,136,117,2017,0.0,11010.0
222,14,220,117,2017,65191.0,0.0
223,14,176,117,2017,1814224.0,114785.0
224,14,34,117,2017,654057.0,0.0
225,14,156,117,2017,544040.0,0.0
226,14,157,117,2017,0.0,416186.0
227,14,196,117,2017,0.0,1140.0
228,14,165,117,2017,95767.0,0.0
229,14,158,117,2017,4729.0,0.0
230,14,240,117,2017,106573.0,6863.0
231,14,182,117,2017,488156.0,0.0
232,14,195,117,2017,33900.0,37173.0
233,14,75,117,2017,1110216.0,12130.0
234,14,48,117,2017,12460.0,0.0
235,14,137,117,2017,126478.0,0.0
236,14,95,117,2017,71513.0,0.0
237,14,7,118,2017,43272061.0,1256626.0
238,14,8,118,2017,75309.0,2688.0
239,14,15,118,2017,11050.0,363222.0
240,14,18,118,2017,17157.0,16757454.0
241,14,23,118,2017,0.0,270765.0
242,14,24,118,2017,643259.0,0.0
243,14,32,118,2017,243434.0,534247.0
244,14,39,118,2017,4662341.0,10638539.0
245,14,41,118,2017,78423.0,2412783.0
246,14,42,118,2017,549540.0,7639.0
247,14,43,118,2017,284567074.0,68400644.0
248,14,49,118,2017,23513.0,247747.0
249,14,52,118,2017,22945.0,12348.0
250,14,58,118,2017,0.0,969905.0
251,14,61,118,2017,192350.0,51650991.0
252,14,64,118,2017,0.0,7347760.0
253,14,65,118,2017,1175.0,0.0
254,14,71,118,2017,23767.0,15713204.0
255,14,74,118,2017,115061.0,253402.0
256,14,77,118,2017,101493.0,43200093.0
257,14,81,118,2017,2807618.0,91276688.0
258,14,90,118,2017,8108.0,6362211.0
259,14,97,118,2017,42550891.0,6475528.0
260,14,102,118,2017,0.0,626822.0
261,14,103,118,2017,25314993.0,41188726.0
262,14,104,118,2017,223117.0,18055154.0
263,14,106,118,2017,8571.0,4169671.0
264,14,111,118,2017,559724.0,87103731.0
265,14,112,118,2017,43215.0,0.0
266,14,113,118,2017,87793.0,59337.0
267,14,114,118,2017,22710723.0,12353160.0
268,14,118,118,2017,536710.0,42365.0
269,14,121,118,2017,5085650.0,40838028.0
270,14,122,118,2017,952657.0,9314.0
271,14,130,118,2017,0.0,112139.0
272,14,138,118,2017,0.0,2635415.0
273,14,153,118,2017,23107159.0,50207323.0
274,14,162,118,2017,1388048.0,43048046.0
275,14,163,118,2017,66109.0,22218.0
276,14,166,118,2017,163259977.0,391821129.0
277,14,169,118,2017,35926.0,0.0
278,14,173,118,2017,1740806.0,245991.0
279,14,174,118,2017,14650482.0,3390069.0
280,14,177,118,2017,97659.0,3391418.0
281,14,179,118,2017,72542.0,2706678.0
282,14,180,118,2017,21203.0,0.0
283,14,188,118,2017,5048432.0,38288.0
284,14,192,118,2017,13582522.0,22140022.0
285,14,206,118,2017,0.0,24920.0
286,14,207,118,2017,70201.0,63765.0
287,14,208,118,2017,27356.0,1814306.0
288,14,216,118,2017,21317840.0,101350495.0
289,14,224,118,2017,146201.0,3858661.0
290,14,230,118,2017,52457.0,4485.0
291,14,231,118,2017,13256488.0,49890638.0
292,14,246,118,2017,1269818.0,5480376.0
293,14,249,118,2017,14742089.0,12718052.0
294,14,250,118,2017,40943.0,0.0
295,14,59,118,2017,16213.0,5791028.0
296,14,124,118,2017,49478.0,705642.0
297,14,168,118,2017,117180.0,1516249.0
298,14,2,118,2017,5956.0,0.0
299,14,107,118,2017,22578.0,771154.0
300,14,110,118,2017,722433.0,2999382.0
301,14,128,118,2017,609388.0,472591.0
302,14,183,118,2017,259569.0,0.0
303,14,212,118,2017,0.0,51504.0
304,14,228,118,2017,0.0,32658.0
305,14,73,118,2017,0.0,10235.0
306,14,185,118,2017,29894.0,389358.0
307,14,186,118,2017,45707.0,24140.0
308,14,31,118,2017,3430.0,73769.0
309,14,145,118,2017,32028.0,0.0
310,14,44,118,2017,0.0,7741.0
311,14,140,118,2017,0.0,336343.0
312,14,134,118,2017,4910.0,0.0
313,14,239,118,2017,6583045.0,15252406.0
314,14,22,118,2017,2784172.0,508669.0
315,14,159,118,2017,26929320.0,2877.0
316,14,181,118,2017,100116.0,1540.0
317,14,143,118,2017,396688.0,51884.0
318,14,16,118,2017,1945.0,0.0
319,14,10,118,2017,311774.0,0.0
320,14,26,118,2017,0.0,128335.0
321,14,68,118,2017,1365570.0,2107117.0
322,14,100,118,2017,0.0,650036.0
323,14,116,118,2017,25652.0,0.0
324,14,132,118,2017,114453.0,11036.0
325,14,135,118,2017,0.0,10483.0
326,14,151,118,2017,953563.0,47865.0
327,14,164,118,2017,51396.0,283404.0
328,14,167,118,2017,59593.0,485414.0
329,14,201,118,2017,349.0,412018.0
330,14,223,118,2017,0.0,72277.0
331,14,211,118,2017,50086.0,0.0
332,14,248,118,2017,0.0,26414.0
333,14,9,118,2017,1569.0,0.0
334,14,83,118,2017,48687.0,9130.0
335,14,139,118,2017,103278.0,0.0
336,14,242,118,2017,292216.0,20100.0
337,14,141,118,2017,0.0,11692.0
338,14,220,118,2017,49451.0,4129.0
339,14,176,118,2017,10743883.0,0.0
340,14,34,118,2017,671286.0,0.0
341,14,45,118,2017,17397.0,0.0
342,14,133,118,2017,76036.0,4094.0
343,14,155,118,2017,0.0,44967.0
344,14,156,118,2017,5867383.0,0.0
345,14,196,118,2017,13093.0,0.0
346,14,247,118,2017,1487.0,0.0
347,14,165,118,2017,377323.0,0.0
348,14,199,118,2017,66884.0,0.0
349,14,158,118,2017,3754.0,0.0
350,14,240,118,2017,604877.0,0.0
351,14,182,118,2017,4689240.0,0.0
352,14,195,118,2017,291603.0,0.0
353,14,75,118,2017,2273765.0,4763636.0
354,14,48,118,2017,62871.0,0.0
355,14,119,118,2017,186452.0,0.0
356,14,79,118,2017,157654.0,0.0
357,14,137,118,2017,440609.0,0.0
358,14,95,118,2017,2828.0,0.0
359,14,146,118,2017,14529.0,0.0
360,14,221,118,2017,6022.0,0.0
361,14,225,118,2017,9054.0,13046.0
362,14,1,119,2017,0.0,6657.0
363,14,7,119,2017,1945712.0,1295036.0
364,14,8,119,2017,905.0,28983324.0
365,14,15,119,2017,29164.0,282030.0
366,14,18,119,2017,187791.0,31006812.0
367,14,23,119,2017,0.0,371313.0
368,14,24,119,2017,39866.0,0.0
369,14,32,119,2017,0.0,31447330.0
370,14,39,119,2017,4824940.0,4227041.0
371,14,41,119,2017,552561.0,1184736.0
372,14,42,119,2017,6253.0,1945851.0
373,14,43,119,2017,7845542.0,119248521.0
374,14,49,119,2017,0.0,1072684.0
375,14,52,119,2017,1177.0,339965.0
376,14,58,119,2017,16090.0,73660.0
377,14,61,119,2017,1044863.0,7573835.0
378,14,64,119,2017,132971.0,248804.0
379,14,67,119,2017,0.0,2107618.0
380,14,71,119,2017,15207.0,22601800.0
381,14,74,119,2017,1787.0,0.0
382,14,77,119,2017,730260.0,19465224.0
383,14,81,119,2017,1908011.0,10092338.0
384,14,90,119,2017,32713.0,29404233.0
385,14,93,119,2017,0.0,69166.0
386,14,96,119,2017,3504.0,0.0
387,14,97,119,2017,5743147.0,586121.0
388,14,102,119,2017,0.0,1006260.0
389,14,103,119,2017,4004163.0,9026528.0
390,14,104,119,2017,1110308.0,18868307.0
391,14,106,119,2017,17119.0,3290826.0
392,14,111,119,2017,612375.0,100693458.0
393,14,113,119,2017,30783.0,385418.0
394,14,114,119,2017,18138185.0,3142241.0
395,14,118,119,2017,410015.0,0.0
396,14,121,119,2017,3024907.0,6679821.0
397,14,122,119,2017,138361.0,12607.0
398,14,130,119,2017,0.0,4325.0
399,14,138,119,2017,0.0,4905071.0
400,14,153,119,2017,2871045.0,3791375.0
401,14,162,119,2017,194972.0,41018931.0
402,14,163,119,2017,696152.0,21661.0
403,14,166,119,2017,33109990.0,141239289.0
404,14,169,119,2017,0.0,18146.0
405,14,173,119,2017,17122.0,4881433.0
406,14,174,119,2017,3395154.0,10065837.0
407,14,177,119,2017,3243.0,3962330.0
408,14,179,119,2017,0.0,2837236.0
409,14,180,119,2017,0.0,21509.0
410,14,188,119,2017,900958.0,221480.0
411,14,192,119,2017,4190437.0,3510565.0
412,14,206,119,2017,5196.0,38470.0
413,14,207,119,2017,24787.0,48178.0
414,14,208,119,2017,1162.0,1237572.0
415,14,216,119,2017,5059789.0,90335649.0
416,14,224,119,2017,164198.0,29173609.0
417,14,230,119,2017,0.0,3139.0
418,14,231,119,2017,22386504.0,117275471.0
419,14,246,119,2017,404452.0,19577521.0
420,14,249,119,2017,1449120.0,3552403.0
421,14,250,119,2017,4441.0,0.0
422,14,59,119,2017,2570.0,117916.0
423,14,124,119,2017,8814.0,3631900.0
424,14,131,119,2017,19318.0,0.0
425,14,168,119,2017,2376869.0,1056124.0
426,14,107,119,2017,0.0,1729006.0
427,14,110,119,2017,52278.0,4480099.0
428,14,128,119,2017,287267.0,3953341.0
429,14,183,119,2017,103704.0,0.0
430,14,212,119,2017,0.0,144766.0
431,14,228,119,2017,5167.0,8007.0
432,14,54,119,2017,0.0,163354.0
433,14,73,119,2017,0.0,1333.0
434,14,185,119,2017,0.0,71488.0
435,14,186,119,2017,143024.0,270345.0
436,14,31,119,2017,0.0,438.0
437,14,145,119,2017,6731.0,0.0
438,14,140,119,2017,10264.0,1266079.0
439,14,134,119,2017,3457.0,2473866.0
440,14,239,119,2017,3073799.0,8737418.0
441,14,22,119,2017,80075.0,250179.0
442,14,159,119,2017,0.0,1366.0
443,14,142,119,2017,16699.0,26806.0
444,14,237,119,2017,0.0,12987.0
445,14,72,119,2017,15581.0,0.0
446,14,181,119,2017,0.0,5187.0
447,14,143,119,2017,50275.0,193733.0
448,14,191,119,2017,13959.0,0.0
449,14,16,119,2017,0.0,130145.0
450,14,10,119,2017,0.0,6457.0
451,14,26,119,2017,0.0,93429.0
452,14,68,119,2017,42562.0,552445.0
453,14,82,119,2017,5728.0,399154.0
454,14,100,119,2017,0.0,270045.0
455,14,116,119,2017,0.0,3138.0
456,14,132,119,2017,0.0,1483.0
457,14,135,119,2017,0.0,52215.0
458,14,151,119,2017,221850.0,40461.0
459,14,164,119,2017,72881.0,34844.0
460,14,167,119,2017,71993.0,0.0
461,14,201,119,2017,0.0,326233.0
462,14,209,119,2017,0.0,2564579.0
463,14,223,119,2017,0.0,48940.0
464,14,211,119,2017,1659.0,0.0
465,14,144,119,2017,2567.0,16807.0
466,14,248,119,2017,0.0,7333.0
467,14,9,119,2017,0.0,47725.0
468,14,83,119,2017,0.0,4813.0
469,14,242,119,2017,94409.0,109280.0
470,14,141,119,2017,594.0,113970.0
471,14,109,119,2017,5946.0,0.0
472,14,136,119,2017,0.0,2191.0
473,14,220,119,2017,111125.0,6499.0
474,14,176,119,2017,2535991.0,0.0
475,14,34,119,2017,282239.0,0.0
476,14,45,119,2017,19256.0,0.0
477,14,133,119,2017,1914.0,0.0
478,14,156,119,2017,1050096.0,0.0
479,14,196,119,2017,0.0,1311.0
480,14,241,119,2017,142897.0,0.0
481,14,247,119,2017,630.0,39566.0
482,14,165,119,2017,151130.0,0.0
483,14,21,119,2017,1027.0,0.0
484,14,199,119,2017,3763.0,0.0
485,14,158,119,2017,1594.0,0.0
486,14,240,119,2017,478616.0,0.0
487,14,182,119,2017,181650.0,11705.0
488,14,195,119,2017,248421.0,0.0
489,14,75,119,2017,874964.0,7493294.0
490,14,48,119,2017,75592.0,8603.0
491,14,119,119,2017,50690.0,0.0
492,14,79,119,2017,4602.0,0.0
493,14,137,119,2017,254310.0,0.0
494,14,95,119,2017,4209.0,0.0
495,14,221,119,2017,69289.0,320557.0
496,14,225,119,2017,10063.0,0.0
497,14,56,119,2017,3087.0,0.0
498,14,161,119,2017,1365.0,0.0
499,14,1,137,2017,30611.0,0.0
500,14,7,137,2017,946416.0,595441.0
501,14,8,137,2017,709836.0,7421765.0
502,14,15,137,2017,96315.0,5761739.0
503,14,18,137,2017,2888323.0,26776291.0
504,14,23,137,2017,42874.0,459035.0
505,14,24,137,2017,166100.0,0.0
506,14,32,137,2017,14153247.0,1186092.0
507,14,33,137,2017,12169.0,0.0
508,14,39,137,2017,6624632.0,10706840.0
509,14,41,137,2017,829189.0,20562921.0
510,14,42,137,2017,5036312.0,2446511.0
511,14,43,137,2017,36333858.0,405004757.0
512,14,49,137,2017,414614.0,1517587.0
513,14,52,137,2017,105913.0,38059.0
514,14,58,137,2017,17493.0,0.0
515,14,61,137,2017,5686170.0,136773005.0
516,14,64,137,2017,242643.0,14694799.0
517,14,65,137,2017,32095.0,0.0
518,14,67,137,2017,127838.0,1349.0
519,14,71,137,2017,577537.0,8603380.0
520,14,74,137,2017,223140.0,1502752.0
521,14,77,137,2017,7981391.0,59529365.0
522,14,81,137,2017,5290610.0,80120374.0
523,14,90,137,2017,77285.0,1819117.0
524,14,93,137,2017,4161.0,868967.0
525,14,96,137,2017,149038.0,0.0
526,14,97,137,2017,4305678.0,668395.0
527,14,99,137,2017,35074.0,6973.0
528,14,102,137,2017,254649.0,8868065.0
529,14,103,137,2017,24293562.0,27773279.0
530,14,104,137,2017,2903401.0,56742987.0
531,14,106,137,2017,333265.0,5170534.0
532,14,111,137,2017,3507901.0,36648563.0
533,14,112,137,2017,29849.0,0.0
534,14,113,137,2017,30661.0,2025.0
535,14,114,137,2017,7223770.0,33529773.0
536,14,118,137,2017,30539.0,0.0
537,14,121,137,2017,5973217.0,22958411.0
538,14,122,137,2017,70681.0,0.0
539,14,130,137,2017,14055.0,1057636.0
540,14,138,137,2017,641580.0,4128257.0
541,14,153,137,2017,2913676.0,58497552.0
542,14,160,137,2017,2237.0,0.0
543,14,162,137,2017,15344288.0,17480834.0
544,14,163,137,2017,84847.0,4429348.0
545,14,166,137,2017,109023975.0,70180887.0
546,14,169,137,2017,6060.0,0.0
547,14,173,137,2017,6671299.0,964792.0
548,14,174,137,2017,8092622.0,6407681.0
549,14,177,137,2017,322230.0,1658449.0
550,14,179,137,2017,520322.0,215759.0
551,14,180,137,2017,2472.0,0.0
552,14,188,137,2017,509513.0,327253.0
553,14,190,137,2017,316360.0,0.0
554,14,192,137,2017,7301144.0,95913297.0
555,14,197,137,2017,115402.0,0.0
556,14,205,137,2017,324862.0,0.0
557,14,206,137,2017,10444.0,218058.0
558,14,207,137,2017,24062.0,227427.0
559,14,208,137,2017,3038820.0,11902040.0
560,14,216,137,2017,14282058.0,10686448.0
561,14,224,137,2017,586932.0,278126.0
562,14,230,137,2017,69550.0,16317.0
563,14,231,137,2017,24295409.0,467451468.0
564,14,246,137,2017,3571789.0,16469137.0
565,14,249,137,2017,3830636.0,7036037.0
566,14,250,137,2017,1012474.0,0.0
567,14,29,137,2017,6727.0,0.0
568,14,59,137,2017,142989.0,1440760.0
569,14,124,137,2017,9162.0,74206.0
570,14,131,137,2017,2496.0,327541.0
571,14,168,137,2017,2288961.0,28220.0
572,14,25,137,2017,3908.0,0.0
573,14,107,137,2017,633453.0,27368.0
574,14,110,137,2017,258847.0,18969095.0
575,14,115,137,2017,691773.0,0.0
576,14,128,137,2017,1457712.0,771316.0
577,14,183,137,2017,259141.0,1169535.0
578,14,228,137,2017,248294.0,26901.0
579,14,54,137,2017,276829.0,0.0
580,14,73,137,2017,2468.0,0.0
581,14,185,137,2017,698797.0,78292.0
582,14,186,137,2017,2797298.0,36748.0
583,14,31,137,2017,10225.0,0.0
584,14,145,137,2017,472419.0,0.0
585,14,226,137,2017,616049.0,0.0
586,14,44,137,2017,1112498.0,0.0
587,14,140,137,2017,39240.0,0.0
588,14,134,137,2017,324053.0,0.0
589,14,85,137,2017,6218.0,0.0
590,14,239,137,2017,5684815.0,4120035.0
591,14,22,137,2017,2159785.0,0.0
592,14,159,137,2017,14610.0,0.0
593,14,142,137,2017,23581.0,4883.0
594,14,72,137,2017,1063847.0,163866.0
595,14,181,137,2017,5764.0,0.0
596,14,123,137,2017,241136.0,3609.0
597,14,143,137,2017,91497.0,0.0
598,14,191,137,2017,839861.0,0.0
599,14,16,137,2017,23300.0,0.0
600,14,26,137,2017,1425.0,0.0
601,14,28,137,2017,2044.0,5187.0
602,14,68,137,2017,1077764.0,133451.0
603,14,82,137,2017,41296.0,5123.0
604,14,100,137,2017,13871.0,15948.0
605,14,108,137,2017,227006.0,0.0
606,14,116,137,2017,304458.0,1631.0
607,14,117,137,2017,5434.0,694.0
608,14,132,137,2017,43544.0,52181.0
609,14,135,137,2017,1293.0,0.0
610,14,147,137,2017,21895.0,0.0
611,14,151,137,2017,29233.0,166498.0
612,14,152,137,2017,45538.0,0.0
613,14,164,137,2017,16759.0,0.0
614,14,167,137,2017,92018.0,0.0
615,14,201,137,2017,6213.0,12262.0
616,14,223,137,2017,45274.0,25206.0
617,14,211,137,2017,4510.0,0.0
618,14,227,137,2017,4060.0,0.0
619,14,144,137,2017,6768.0,0.0
620,14,248,137,2017,3219.0,0.0
621,14,9,137,2017,2881.0,0.0
622,14,66,137,2017,585910.0,0.0
623,14,83,137,2017,1027437.0,0.0
624,14,46,137,2017,36417.0,0.0
625,14,139,137,2017,41476.0,0.0
626,14,242,137,2017,463339.0,16863.0
627,14,141,137,2017,402784.0,0.0
628,14,148,137,2017,85051.0,0.0
629,14,109,137,2017,4080.0,11016.0
630,14,136,137,2017,21596.0,0.0
631,14,220,137,2017,58932.0,0.0
632,14,176,137,2017,16592635.0,1246956.0
633,14,34,137,2017,30165.0,8692.0
634,14,37,137,2017,16542.0,0.0
635,14,45,137,2017,0.0,4380.0
636,14,125,137,2017,119578.0,0.0
637,14,133,137,2017,31847.0,0.0
638,14,155,137,2017,94845.0,934.0
639,14,156,137,2017,2971017.0,29577.0
640,14,157,137,2017,6389.0,0.0
641,14,196,137,2017,11595.0,76934.0
642,14,215,137,2017,54964.0,6902.0
643,14,241,137,2017,32902.0,0.0
644,14,247,137,2017,39674.0,0.0
645,14,40,137,2017,7631.0,0.0
646,14,57,137,2017,2604.0,0.0
647,14,165,137,2017,144887.0,0.0
648,14,21,137,2017,205043.0,0.0
649,14,62,137,2017,4552.0,0.0
650,14,69,137,2017,16479.0,0.0
651,14,158,137,2017,31078.0,0.0
652,14,240,137,2017,786511.0,0.0
653,14,182,137,2017,490618.0,0.0
654,14,195,137,2017,576040.0,903.0
655,14,75,137,2017,2554436.0,39734.0
656,14,175,137,2017,4275.0,0.0
657,14,48,137,2017,12013.0,0.0
658,14,119,137,2017,168380.0,0.0
659,14,79,137,2017,204677.0,0.0
660,14,137,137,2017,57680.0,0.0
661,14,95,137,2017,35738.0,0.0
662,14,221,137,2017,235856.0,0.0
663,14,225,137,2017,26860.0,0.0
664,14,56,137,2017,63368.0,0.0
665,14,1,188,2017,14727.0,37158.0
666,14,7,188,2017,9691138.0,3674590.0
667,14,8,188,2017,5601848.0,1095866.0
668,14,15,188,2017,3023300.0,31889234.0
669,14,18,188,2017,11156090.0,118715889.0
670,14,23,188,2017,509089.0,750004.0
671,14,24,188,2017,843954.0,162068.0
672,14,32,188,2017,18059137.0,2861847.0
673,14,33,188,2017,11103.0,880.0
674,14,39,188,2017,50160785.0,89008361.0
675,14,41,188,2017,14350407.0,316898143.0
676,14,42,188,2017,12982971.0,1023768.0
677,14,43,188,2017,181844308.0,616008997.0
678,14,49,188,2017,4029884.0,76292.0
679,14,52,188,2017,179328.0,49406489.0
680,14,58,188,2017,142256.0,25061.0
681,14,61,188,2017,115028716.0,693230479.0
682,14,64,188,2017,14520397.0,76682520.0
683,14,65,188,2017,371635.0,28907311.0
684,14,67,188,2017,1396985.0,19957.0
685,14,71,188,2017,4900367.0,13790915.0
686,14,74,188,2017,3943262.0,46767844.0
687,14,77,188,2017,45155527.0,113659566.0
688,14,81,188,2017,182772002.0,292037201.0
689,14,90,188,2017,575238.0,475834.0
690,14,93,188,2017,60665.0,0.0
691,14,96,188,2017,323515.0,0.0
692,14,97,188,2017,108273607.0,22679934.0
693,14,99,188,2017,103410.0,0.0
694,14,102,188,2017,1770854.0,11906374.0
695,14,103,188,2017,12489566.0,6070803.0
696,14,104,188,2017,27399331.0,25838314.0
697,14,106,188,2017,2187980.0,235584618.0
698,14,111,188,2017,8935423.0,113507788.0
699,14,112,188,2017,239174.0,27882.0
700,14,113,188,2017,2479587.0,7630.0
701,14,114,188,2017,125433140.0,301107721.0
702,14,118,188,2017,572409.0,1378.0
703,14,121,188,2017,37108792.0,58931972.0
704,14,122,188,2017,1565335.0,3453.0
705,14,130,188,2017,242136.0,2582994.0
706,14,138,188,2017,6167381.0,201527108.0
707,14,153,188,2017,36685012.0,147679185.0
708,14,160,188,2017,27903.0,51197.0
709,14,162,188,2017,203274279.0,217010690.0
710,14,163,188,2017,6544841.0,12948715.0
711,14,166,188,2017,366689009.0,91558447.0
712,14,169,188,2017,17822295.0,10512.0
713,14,173,188,2017,3438934.0,384874.0
714,14,174,188,2017,11299301.0,20021736.0
715,14,177,188,2017,8922617.0,20018275.0
716,14,179,188,2017,1150532.0,1233672.0
717,14,180,188,2017,95236.0,0.0
718,14,188,188,2017,10870556.0,496231.0
719,14,190,188,2017,550531.0,0.0
720,14,192,188,2017,100701164.0,227969260.0
721,14,197,188,2017,172920.0,30166.0
722,14,205,188,2017,215620.0,139331.0
723,14,206,188,2017,146177.0,7061304.0
724,14,207,188,2017,1769314.0,5133532.0
725,14,208,188,2017,9837491.0,50452640.0
726,14,216,188,2017,21463685.0,101162894.0
727,14,222,188,2017,204126.0,7722.0
728,14,224,188,2017,5636795.0,1499658.0
729,14,230,188,2017,737135.0,830233.0
730,14,231,188,2017,709141810.0,2136184492.0
731,14,236,188,2017,25519.0,31225.0
732,14,246,188,2017,24266511.0,7925627.0
733,14,249,188,2017,14949514.0,64071652.0
734,14,250,188,2017,814462.0,0.0
735,14,29,188,2017,9152.0,0.0
736,14,59,188,2017,4160199.0,19568603.0
737,14,124,188,2017,895740.0,15831.0
738,14,131,188,2017,432116.0,1204230.0
739,14,168,188,2017,4925828.0,6253705.0
740,14,243,188,2017,38497.0,0.0
741,14,2,188,2017,17947.0,6228.0
742,14,25,188,2017,58766.0,1970.0
743,14,107,188,2017,2759770.0,177061.0
744,14,110,188,2017,5030908.0,44512971.0
745,14,115,188,2017,1293146.0,0.0
746,14,128,188,2017,1623421.0,553224.0
747,14,183,188,2017,1978317.0,44921.0
748,14,228,188,2017,3858094.0,906661.0
749,14,13,188,2017,1093.0,0.0
750,14,54,188,2017,1291.0,1843.0
751,14,73,188,2017,132631.0,0.0
752,14,185,188,2017,641176.0,3836757.0
753,14,186,188,2017,9034352.0,1224167.0
754,14,31,188,2017,287697.0,1785.0
755,14,145,188,2017,1322786.0,34100.0
756,14,226,188,2017,785419.0,5733.0
757,14,44,188,2017,1912103.0,7938.0
758,14,140,188,2017,52284.0,4109.0
759,14,134,188,2017,877855.0,18050.0
760,14,85,188,2017,190200.0,0.0
761,14,239,188,2017,10812393.0,26477187.0
762,14,22,188,2017,1135140.0,137081.0
763,14,159,188,2017,265581.0,2416.0
764,14,142,188,2017,21010.0,4499751.0
765,14,237,188,2017,3638.0,0.0
766,14,72,188,2017,156734.0,4291122.0
767,14,19,188,2017,13395.0,0.0
768,14,181,188,2017,114975.0,0.0
769,14,123,188,2017,1125402.0,54831.0
770,14,143,188,2017,497230.0,140217.0
771,14,191,188,2017,905459.0,89275.0
772,14,120,188,2017,7781.0,27181.0
773,14,16,188,2017,113792.0,1339.0
774,14,30,188,2017,10585.0,0.0
775,14,80,188,2017,18004.0,0.0
776,14,10,188,2017,195159.0,226755.0
777,14,26,188,2017,114042.0,9612533.0
778,14,28,188,2017,92781.0,1627204.0
779,14,68,188,2017,1227214.0,226976.0
780,14,82,188,2017,924354.0,21209.0
781,14,100,188,2017,180602.0,141446.0
782,14,108,188,2017,1081997.0,0.0
783,14,116,188,2017,617189.0,5378.0
784,14,117,188,2017,87608.0,21683.0
785,14,132,188,2017,99722.0,202211.0
786,14,135,188,2017,45318.0,3111.0
787,14,147,188,2017,317021.0,5464.0
788,14,151,188,2017,177691.0,96211.0
789,14,152,188,2017,66036.0,0.0
790,14,164,188,2017,199465.0,16568.0
791,14,167,188,2017,602891.0,130401.0
792,14,187,188,2017,59233.0,0.0
793,14,201,188,2017,383955.0,957977.0
794,14,209,188,2017,0.0,7322.0
795,14,217,188,2017,17814.0,0.0
796,14,219,188,2017,3849.0,0.0
797,14,223,188,2017,652754.0,289478.0
798,14,232,188,2017,26819.0,0.0
799,14,38,188,2017,0.0,2690.0
800,14,211,188,2017,6075.0,109517.0
801,14,227,188,2017,147209.0,3599.0
802,14,4,188,2017,11510.0,586.0
803,14,144,188,2017,10660.0,19403.0
804,14,248,188,2017,147082.0,3304.0
805,14,9,188,2017,269310.0,10599.0
806,14,66,188,2017,407463.0,1007.0
807,14,17,188,2017,0.0,70866.0
808,14,83,188,2017,2249768.0,1121.0
809,14,46,188,2017,165242.0,0.0
810,14,139,188,2017,107524.0,23672.0
811,14,242,188,2017,736876.0,3915.0
812,14,141,188,2017,219257.0,27528.0
813,14,148,188,2017,370557.0,0.0
814,14,109,188,2017,273610.0,731614.0
815,14,136,188,2017,936184.0,14473.0
816,14,220,188,2017,623389.0,21236.0
817,14,176,188,2017,31243358.0,481244.0
818,14,34,188,2017,519532.0,106425.0
819,14,214,188,2017,3314.0,0.0
820,14,37,188,2017,415607.0,67989.0
821,14,45,188,2017,90916.0,159044.0
822,14,47,188,2017,68147.0,117970.0
823,14,125,188,2017,142393.0,0.0
824,14,126,188,2017,12081.0,0.0
825,14,133,188,2017,665393.0,60998.0
826,14,155,188,2017,583968.0,28582.0
827,14,156,188,2017,5312632.0,389705.0
828,14,157,188,2017,17331.0,53332.0
829,14,196,188,2017,110716.0,12248.0
830,14,215,188,2017,419187.0,0.0
831,14,241,188,2017,2304.0,0.0
832,14,247,188,2017,790085.0,481.0
833,14,35,188,2017,6225.0,0.0
834,14,40,188,2017,278210.0,0.0
835,14,165,188,2017,530294.0,41246.0
836,14,21,188,2017,731231.0,79855.0
837,14,69,188,2017,49748.0,0.0
838,14,101,188,2017,0.0,2509.0
839,14,158,188,2017,153116.0,0.0
840,14,240,188,2017,1821540.0,2983.0
841,14,182,188,2017,313541.0,20863.0
842,14,195,188,2017,1703205.0,18166.0
843,14,75,188,2017,8755079.0,1080945.0
844,14,175,188,2017,218062.0,219789.0
845,14,76,188,2017,1940.0,0.0
846,14,48,188,2017,104957.0,0.0
847,14,119,188,2017,768658.0,2282.0
848,14,79,188,2017,154001.0,0.0
849,14,137,188,2017,240149.0,0.0
850,14,95,188,2017,101991.0,184539.0
851,14,146,188,2017,1593.0,0.0
852,14,221,188,2017,266196.0,0.0
853,14,225,188,2017,89756.0,0.0
854,14,56,188,2017,494501.0,145318.0
855,14,161,188,2017,7691.0,0.0
856,14,1,196,2017,1135602.0,0.0
857,14,7,196,2017,677013376.0,50735156.0
858,14,8,196,2017,86543608.0,29359.0
859,14,15,196,2017,228398.0,8361412.0
860,14,18,196,2017,62812216.0,17429922.0
861,14,23,196,2017,66343.0,311978.0
862,14,24,196,2017,318436992.0,63690.0
863,14,32,196,2017,584969.0,1723960.0
864,14,33,196,2017,9976.0,10104.0
865,14,39,196,2017,84895336.0,65566796.0
866,14,41,196,2017,1519051.0,7040078.0
867,14,42,196,2017,1350794.0,38033.0
868,14,43,196,2017,3215088640.0,332847776.0
869,14,49,196,2017,1833802.0,1260520.0
870,14,52,196,2017,67269.0,4337.0
871,14,55,196,2017,14045.0,76821.0
872,14,58,196,2017,59949.0,44860.0
873,14,61,196,2017,54166156.0,162726416.0
874,14,64,196,2017,5193754.0,1299400.0
875,14,65,196,2017,4645.0,0.0
876,14,67,196,2017,68477.0,72381.0
877,14,71,196,2017,10051148.0,5385298.0
878,14,74,196,2017,191936.0,9327946.0
879,14,77,196,2017,39302240.0,47586608.0
880,14,81,196,2017,69339184.0,89711960.0
881,14,90,196,2017,156218.0,1662452.0
882,14,96,196,2017,44563.0,0.0
883,14,97,196,2017,67130952.0,4036479.0
884,14,99,196,2017,2894.0,0.0
885,14,102,196,2017,295633.0,386959.0
886,14,103,196,2017,131068784.0,47564272.0
887,14,104,196,2017,422821376.0,5961228.0
888,14,106,196,2017,735795.0,304488.0
889,14,111,196,2017,1683321.0,6066362.0
890,14,112,196,2017,5463.0,55460.0
891,14,113,196,2017,2020093.0,30896.0
892,14,114,196,2017,5422630400.0,295333824.0
893,14,118,196,2017,698657.0,113786.0
894,14,121,196,2017,1337518592.0,83389216.0
895,14,122,196,2017,3677571.0,75090.0
896,14,130,196,2017,26149.0,19411.0
897,14,138,196,2017,49733628.0,23261638.0
898,14,153,196,2017,548387456.0,40155952.0
899,14,160,196,2017,2386.0,0.0
900,14,162,196,2017,136760784.0,59675620.0
901,14,163,196,2017,8535677.0,8517817.0
902,14,166,196,2017,293837440.0,34166300.0
903,14,169,196,2017,62619.0,0.0
904,14,173,196,2017,400418.0,43532.0
905,14,174,196,2017,14357841.0,4045037.0
906,14,177,196,2017,418965.0,457303.0
907,14,179,196,2017,306774.0,19529.0
908,14,180,196,2017,21546.0,0.0
909,14,188,196,2017,80065960.0,63008916.0
910,14,190,196,2017,51675.0,0.0
911,14,192,196,2017,1122708224.0,102976720.0
912,14,197,196,2017,3246.0,1574.0
913,14,205,196,2017,12994.0,11632.0
914,14,206,196,2017,47453.0,160810.0
915,14,207,196,2017,160316.0,8532782.0
916,14,208,196,2017,1126695.0,1244833.0
917,14,216,196,2017,324952416.0,27789482.0
918,14,222,196,2017,60198.0,2172.0
919,14,224,196,2017,768957.0,6487216.0
920,14,230,196,2017,40340.0,0.0
921,14,231,196,2017,679984320.0,2284216064.0
922,14,236,196,2017,3842.0,29076.0
923,14,246,196,2017,7066090.0,2899698.0
924,14,249,196,2017,199431152.0,156495088.0
925,14,250,196,2017,4445291520.0,9457938432.0
926,14,59,196,2017,746038.0,6565494.0
927,14,124,196,2017,4278269.0,47347.0
928,14,131,196,2017,9536.0,1179284.0
929,14,168,196,2017,965533.0,5674.0
930,14,2,196,2017,31702.0,0.0
931,14,107,196,2017,226000.0,2679.0
932,14,110,196,2017,22461772.0,3488561.0
933,14,115,196,2017,293167.0,0.0
934,14,128,196,2017,2568424.0,2177765.0
935,14,183,196,2017,34089960.0,82321096.0
936,14,228,196,2017,20661.0,0.0
937,14,13,196,2017,2114.0,0.0
938,14,54,196,2017,15909.0,0.0
939,14,73,196,2017,30328.0,0.0
940,14,185,196,2017,73366.0,208532.0
941,14,186,196,2017,137839424.0,369162.0
942,14,31,196,2017,85656.0,0.0
943,14,145,196,2017,635645.0,0.0
944,14,226,196,2017,766034.0,3112.0
945,14,44,196,2017,1711790.0,0.0
946,14,140,196,2017,14909.0,0.0
947,14,134,196,2017,87340.0,0.0
948,14,85,196,2017,255366.0,0.0
949,14,239,196,2017,28758134.0,28621990.0
950,14,22,196,2017,4644538.0,0.0
951,14,159,196,2017,475732.0,0.0
952,14,142,196,2017,15281.0,129095.0
953,14,72,196,2017,5099.0,61611.0
954,14,19,196,2017,562.0,0.0
955,14,123,196,2017,1882681.0,0.0
956,14,143,196,2017,501764.0,205261.0
957,14,191,196,2017,2524160.0,0.0
958,14,16,196,2017,17954.0,0.0
959,14,30,196,2017,53546.0,0.0
960,14,80,196,2017,12477.0,0.0
961,14,10,196,2017,256923.0,0.0
962,14,28,196,2017,11558.0,0.0
963,14,68,196,2017,82010960.0,21200.0
964,14,82,196,2017,46959.0,7588.0
965,14,100,196,2017,150659.0,69529.0
966,14,108,196,2017,1324492.0,0.0
967,14,116,196,2017,2630577.0,54088.0
968,14,132,196,2017,11934.0,0.0
969,14,135,196,2017,5126.0,0.0
970,14,147,196,2017,390811.0,0.0
971,14,151,196,2017,252361.0,0.0
972,14,152,196,2017,713.0,0.0
973,14,164,196,2017,225718.0,0.0
974,14,167,196,2017,94015320.0,5046008.0
975,14,187,196,2017,15011.0,0.0
976,14,201,196,2017,10116.0,440683.0
977,14,217,196,2017,80805.0,0.0
978,14,223,196,2017,133322.0,0.0
979,14,232,196,2017,1486811.0,0.0
980,14,38,196,2017,108774.0,0.0
981,14,211,196,2017,75439.0,5566.0
982,14,227,196,2017,898807.0,0.0
983,14,4,196,2017,719026.0,652117.0
984,14,248,196,2017,16144.0,0.0
985,14,9,196,2017,7189.0,0.0
986,14,66,196,2017,12133.0,0.0
987,14,83,196,2017,3469609.0,0.0
988,14,46,196,2017,5888.0,0.0
989,14,139,196,2017,397970.0,0.0
990,14,242,196,2017,3361954.0,1669.0
991,14,141,196,2017,1206855.0,0.0
992,14,148,196,2017,397500.0,0.0
993,14,109,196,2017,21994308.0,10091.0
994,14,136,196,2017,328905.0,15885.0
995,14,220,196,2017,3645660.0,0.0
996,14,176,196,2017,137473824.0,0.0
997,14,34,196,2017,1565982.0,250458.0
998,14,214,196,2017,978498.0,0.0
999,14,37,196,2017,37193.0,59155.0
1000,14,45,196,2017,567588.0,0.0
1001,14,47,196,2017,1298.0,8936.0
1002,14,92,196,2017,4122.0,0.0
1003,14,125,196,2017,122687.0,0.0
1004,14,126,196,2017,439828.0,0.0
1005,14,133,196,2017,279118.0,0.0
1006,14,155,196,2017,103983.0,95795.0
1007,14,156,196,2017,18204582.0,1774.0
1008,14,157,196,2017,23663.0,0.0
1009,14,196,196,2017,258612.0,0.0
1010,14,215,196,2017,275358.0,0.0
1011,14,241,196,2017,255480.0,0.0
1012,14,247,196,2017,250914.0,1690.0
1013,14,5,196,2017,0.0,17422.0
1014,14,35,196,2017,55365.0,0.0
1015,14,40,196,2017,1987734.0,0.0
1016,14,57,196,2017,31922.0,0.0
1017,14,165,196,2017,8019314.0,0.0
1018,14,194,196,2017,102619.0,0.0
1019,14,21,196,2017,434693.0,0.0
1020,14,62,196,2017,40763.0,0.0
1021,14,199,196,2017,1042227.0,0.0
1022,14,69,196,2017,168839.0,0.0
1023,14,158,196,2017,5369818.0,0.0
1024,14,240,196,2017,9577398.0,0.0
1025,14,129,196,2017,0.0,1911.0
1026,14,182,196,2017,1578317.0,0.0
1027,14,195,196,2017,24281210.0,0.0
1028,14,75,196,2017,19621874.0,31924.0
1029,14,175,196,2017,44923.0,0.0
1030,14,76,196,2017,8267.0,0.0
1031,14,48,196,2017,902052.0,0.0
1032,14,119,196,2017,1872707.0,0.0
1033,14,79,196,2017,309060.0,0.0
1034,14,137,196,2017,10418908.0,0.0
1035,14,95,196,2017,416151.0,0.0
1036,14,146,196,2017,113020.0,0.0
1037,14,202,196,2017,13506.0,0.0
1038,14,221,196,2017,1037334.0,0.0
1039,14,225,196,2017,947559.0,0.0
1040,14,11,196,2017,178730.0,0.0
1041,14,56,196,2017,6984750.0,0.0
1042,14,161,196,2017,50924.0,0.0
1043,14,7,116,2017,8156817.0,222290.0
1044,14,8,116,2017,3131539.0,2108.0
1045,14,15,116,2017,4280.0,4292577.0
1046,14,18,116,2017,13525.0,3376130.0
1047,14,23,116,2017,39242.0,163788.0
1048,14,24,116,2017,249527.0,0.0
1049,14,32,116,2017,11977.0,2513035.0
1050,14,39,116,2017,535029.0,14985417.0
1051,14,41,116,2017,90590.0,4674645.0
1052,14,42,116,2017,21511.0,917950.0
1053,14,43,116,2017,61516699.0,60597872.0
1054,14,49,116,2017,15041.0,756865.0
1055,14,52,116,2017,0.0,35985.0
1056,14,58,116,2017,0.0,11236.0
1057,14,61,116,2017,96205.0,24636940.0
1058,14,64,116,2017,3083.0,289662.0
1059,14,67,116,2017,788845.0,358362.0
1060,14,71,116,2017,37421.0,4101610.0
1061,14,74,116,2017,9899.0,139581.0
1062,14,77,116,2017,390052.0,2860195.0
1063,14,81,116,2017,788858.0,9469844.0
1064,14,90,116,2017,0.0,652939.0
1065,14,93,116,2017,0.0,1211.0
1066,14,97,116,2017,3440025.0,503536.0
1067,14,99,116,2017,1132.0,0.0
1068,14,102,116,2017,0.0,377427.0
1069,14,103,116,2017,222573718.0,3177111.0
1070,14,104,116,2017,115127.0,2574026.0
1071,14,106,116,2017,1608475.0,319758.0
1072,14,111,116,2017,13115.0,6120550.0
1073,14,113,116,2017,18094.0,105608.0
1074,14,114,116,2017,236689370.0,1322267.0
1075,14,118,116,2017,19079.0,0.0
1076,14,121,116,2017,541055477.0,3846728.0
1077,14,122,116,2017,170041.0,16818.0
1078,14,138,116,2017,376600.0,1991902.0
1079,14,153,116,2017,26294298.0,8162062.0
1080,14,162,116,2017,504066.0,4266809.0
1081,14,163,116,2017,4422.0,0.0
1082,14,166,116,2017,58673069.0,41374643.0
1083,14,173,116,2017,0.0,34428.0
1084,14,174,116,2017,3426010.0,636574.0
1085,14,177,116,2017,3302.0,4194078.0
1086,14,179,116,2017,0.0,1283.0
1087,14,180,116,2017,0.0,84426.0
1088,14,188,116,2017,1203636.0,22443.0
1089,14,192,116,2017,53303135.0,5115087.0
1090,14,206,116,2017,0.0,35957.0
1091,14,207,116,2017,0.0,18967.0
1092,14,208,116,2017,6519.0,429094.0
1093,14,216,116,2017,6724898.0,15894781.0
1094,14,224,116,2017,24807.0,1933543.0
1095,14,230,116,2017,0.0,26392.0
1096,14,231,116,2017,78664778.0,40687832.0
1097,14,246,116,2017,175649.0,3909328.0
1098,14,249,116,2017,21977201.0,1896813.0
1099,14,250,116,2017,4656.0,0.0
1100,14,29,116,2017,0.0,1506.0
1101,14,59,116,2017,0.0,90136.0
1102,14,124,116,2017,23249.0,527318.0
1103,14,131,116,2017,0.0,62294.0
1104,14,168,116,2017,123310.0,2845108.0
1105,14,107,116,2017,0.0,456828.0
1106,14,110,116,2017,9730.0,292413.0
1107,14,128,116,2017,233773.0,514868.0
1108,14,183,116,2017,702365.0,0.0
1109,14,212,116,2017,0.0,23548.0
1110,14,228,116,2017,0.0,5338.0
1111,14,185,116,2017,11646.0,11650.0
1112,14,186,116,2017,10835.0,495277.0
1113,14,140,116,2017,0.0,42519.0
1114,14,134,116,2017,339255.0,0.0
1115,14,239,116,2017,16694925.0,1403975.0
1116,14,22,116,2017,3310941.0,519139.0
1117,14,72,116,2017,553.0,0.0
1118,14,143,116,2017,13671.0,4966.0
1119,14,16,116,2017,4095.0,0.0
1120,14,10,116,2017,166006.0,0.0
1121,14,26,116,2017,0.0,34820.0
1122,14,68,116,2017,95133.0,50977.0
1123,14,82,116,2017,9528.0,0.0
1124,14,100,116,2017,5553.0,55456.0
1125,14,116,116,2017,8376.0,0.0
1126,14,151,116,2017,0.0,291757.0
1127,14,164,116,2017,391965.0,6778.0
1128,14,167,116,2017,4567.0,0.0
1129,14,201,116,2017,0.0,70636.0
1130,14,209,116,2017,0.0,79510.0
1131,14,223,116,2017,0.0,157412.0
1132,14,211,116,2017,548.0,0.0
1133,14,66,116,2017,7448.0,0.0
1134,14,242,116,2017,1063021.0,0.0
1135,14,109,116,2017,11794.0,0.0
1136,14,220,116,2017,9091.0,0.0
1137,14,176,116,2017,1790376.0,0.0
1138,14,34,116,2017,323531.0,0.0
1139,14,156,116,2017,458146.0,0.0
1140,14,241,116,2017,38888.0,0.0
1141,14,165,116,2017,210910.0,0.0
1142,14,199,116,2017,1152.0,0.0
1143,14,240,116,2017,650843.0,0.0
1144,14,182,116,2017,419570.0,0.0
1145,14,195,116,2017,361967.0,0.0
1146,14,75,116,2017,1496024.0,9419.0
1147,14,48,116,2017,81158.0,0.0
1148,14,119,116,2017,1449305.0,0.0
1149,14,79,116,2017,146454.0,0.0
1150,14,137,116,2017,67435.0,0.0
1151,14,95,116,2017,134332.0,0.0
1152,14,146,116,2017,46755.0,0.0
1153,14,221,116,2017,200957.0,0.0
1154,14,225,116,2017,200160.0,0.0
1155,14,56,116,2017,1839.0,0.0
1156,14,1,120,2017,6011.0,0.0
1157,14,7,120,2017,4771332.0,331414.0
1158,14,8,120,2017,186449.0,99099.0
1159,14,15,120,2017,42589.0,676669.0
1160,14,18,120,2017,670262.0,7160122.0
1161,14,23,120,2017,3094.0,145933.0
1162,14,24,120,2017,85218.0,50473.0
1163,14,32,120,2017,312770.0,5239179.0
1164,14,33,120,2017,690.0,0.0
1165,14,39,120,2017,2184214.0,17170334.0
1166,14,41,120,2017,156136.0,11534049.0
1167,14,42,120,2017,303555.0,17985.0
1168,14,43,120,2017,505521244.0,84164265.0
1169,14,49,120,2017,1144.0,950986.0
1170,14,52,120,2017,2405.0,0.0
1171,14,55,120,2017,8958.0,0.0
1172,14,58,120,2017,5017.0,118996.0
1173,14,61,120,2017,1305035.0,58976495.0
1174,14,64,120,2017,72288.0,29278614.0
1175,14,65,120,2017,0.0,29782.0
1176,14,67,120,2017,39978.0,42490.0
1177,14,71,120,2017,31082.0,5619307.0
1178,14,74,120,2017,6208.0,14637.0
1179,14,77,120,2017,62323.0,22615708.0
1180,14,81,120,2017,4806932.0,57352309.0
1181,14,90,120,2017,790.0,11154800.0
1182,14,93,120,2017,32880.0,1170.0
1183,14,97,120,2017,201734150.0,19391841.0
1184,14,102,120,2017,3708.0,4556745.0
1185,14,103,120,2017,5405761.0,22871771.0
1186,14,104,120,2017,755130.0,22078180.0
1187,14,106,120,2017,106291.0,6446686.0
1188,14,111,120,2017,570792.0,41212041.0
1189,14,112,120,2017,0.0,10663.0
1190,14,113,120,2017,68082.0,207396.0
1191,14,114,120,2017,44218399.0,42230901.0
1192,14,118,120,2017,120768.0,0.0
1193,14,121,120,2017,25974051.0,32580558.0
1194,14,122,120,2017,337067.0,0.0
1195,14,130,120,2017,0.0,33042.0
1196,14,138,120,2017,205725.0,2023185.0
1197,14,153,120,2017,9982808.0,41152899.0
1198,14,162,120,2017,745157.0,143113946.0
1199,14,163,120,2017,130349.0,445030.0
1200,14,166,120,2017,191139838.0,442379053.0
1201,14,169,120,2017,8889.0,0.0
1202,14,173,120,2017,34105.0,50390.0
1203,14,174,120,2017,4030178.0,5567853.0
1204,14,177,120,2017,11748.0,4195797.0
1205,14,179,120,2017,0.0,442501.0
1206,14,180,120,2017,2658.0,0.0
1207,14,188,120,2017,4904271.0,41552.0
1208,14,190,120,2017,14749.0,0.0
1209,14,192,120,2017,15372538.0,289680192.0
1210,14,197,120,2017,1790.0,0.0
1211,14,205,120,2017,0.0,75306.0
1212,14,206,120,2017,7754.0,4914.0
1213,14,207,120,2017,77537.0,417019.0
1214,14,208,120,2017,35822.0,6953699.0
1215,14,216,120,2017,8741266.0,99787740.0
1216,14,224,120,2017,136164.0,806142.0
1217,14,230,120,2017,39759.0,4008719.0
1218,14,231,120,2017,49541152.0,224751979.0
1219,14,246,120,2017,852188.0,7439451.0
1220,14,249,120,2017,8991926.0,12326447.0
1221,14,250,120,2017,33107.0,0.0
1222,14,59,120,2017,139151.0,3033007.0
1223,14,124,120,2017,59454.0,1037702.0
1224,14,131,120,2017,959.0,0.0
1225,14,168,120,2017,130830.0,2503706.0
1226,14,243,120,2017,197130.0,0.0
1227,14,107,120,2017,77259.0,557805.0
1228,14,110,120,2017,117251.0,1756429.0
1229,14,115,120,2017,62966.0,0.0
1230,14,128,120,2017,1912153.0,4419807.0
1231,14,183,120,2017,266555.0,0.0
1232,14,212,120,2017,113366.0,22436.0
1233,14,228,120,2017,150512.0,17127.0
1234,14,54,120,2017,0.0,1902141.0
1235,14,73,120,2017,0.0,24690.0
1236,14,185,120,2017,87219.0,7432013.0
1237,14,186,120,2017,204975.0,324481.0
1238,14,31,120,2017,3430.0,1010.0
1239,14,145,120,2017,25092.0,0.0
1240,14,226,120,2017,2719.0,0.0
1241,14,44,120,2017,0.0,4021.0
1242,14,140,120,2017,889.0,1315394.0
1243,14,134,120,2017,0.0,160423.0
1244,14,239,120,2017,9355861.0,5852382.0
1245,14,22,120,2017,980637.0,57866.0
1246,14,159,120,2017,0.0,23805.0
1247,14,142,120,2017,2594.0,0.0
1248,14,72,120,2017,2201.0,564657.0
1249,14,181,120,2017,70802.0,0.0
1250,14,123,120,2017,464502.0,0.0
1251,14,143,120,2017,154176.0,43169.0
1252,14,191,120,2017,3693.0,0.0
1253,14,16,120,2017,0.0,2770.0
1254,14,10,120,2017,109761.0,20150.0
1255,14,26,120,2017,0.0,26348.0
1256,14,28,120,2017,975.0,0.0
1257,14,68,120,2017,6373.0,105021.0
1258,14,82,120,2017,43730.0,2839.0
1259,14,100,120,2017,0.0,2269402.0
1260,14,116,120,2017,56058.0,15389.0
1261,14,132,120,2017,0.0,64950.0
1262,14,147,120,2017,138634.0,0.0
1263,14,151,120,2017,143314.0,20864.0
1264,14,164,120,2017,43457.0,39283.0
1265,14,167,120,2017,123206.0,0.0
1266,14,187,120,2017,0.0,1105.0
1267,14,201,120,2017,0.0,220887.0
1268,14,209,120,2017,0.0,3496.0
1269,14,223,120,2017,9121.0,204546.0
1270,14,211,120,2017,57825.0,0.0
1271,14,227,120,2017,129997.0,0.0
1272,14,248,120,2017,0.0,2163.0
1273,14,83,120,2017,35549.0,4130.0
1274,14,139,120,2017,3495.0,0.0
1275,14,242,120,2017,435148.0,18705.0
1276,14,141,120,2017,0.0,10581.0
1277,14,109,120,2017,39054.0,2095.0
1278,14,136,120,2017,67221.0,0.0
1279,14,220,120,2017,49056.0,2269.0
1280,14,176,120,2017,17736908.0,0.0
1281,14,34,120,2017,451515.0,0.0
1282,14,45,120,2017,18745.0,0.0
1283,14,125,120,2017,0.0,7421.0
1284,14,133,120,2017,1582540.0,0.0
1285,14,156,120,2017,3472667.0,0.0
1286,14,157,120,2017,0.0,6481.0
1287,14,241,120,2017,210629.0,0.0
1288,14,247,120,2017,1184.0,23484.0
1289,14,40,120,2017,2241.0,0.0
1290,14,165,120,2017,421371.0,0.0
1291,14,21,120,2017,612.0,0.0
1292,14,62,120,2017,5373.0,0.0
1293,14,199,120,2017,13826.0,0.0
1294,14,101,120,2017,0.0,11682.0
1295,14,158,120,2017,155028.0,0.0
1296,14,240,120,2017,1495480.0,0.0
1297,14,182,120,2017,2732531.0,0.0
1298,14,195,120,2017,285254.0,0.0
1299,14,75,120,2017,2822760.0,812025.0
1300,14,175,120,2017,3035.0,0.0
1301,14,48,120,2017,55611.0,0.0
1302,14,119,120,2017,424261.0,0.0
1303,14,79,120,2017,34065.0,0.0
1304,14,137,120,2017,1596928.0,0.0
1305,14,221,120,2017,17285.0,0.0
1306,14,225,120,2017,6529.0,0.0
1307,14,56,120,2017,90689.0,0.0
1308,14,7,148,2017,717850.0,1561951.0
1309,14,8,148,2017,19544.0,7154.0
1310,14,15,148,2017,27206.0,611153.0
1311,14,18,148,2017,156256.0,819085.0
1312,14,23,148,2017,0.0,21030.0
1313,14,24,148,2017,72985.0,5243.0
1314,14,32,148,2017,30088.0,15478.0
1315,14,39,148,2017,3807028.0,8593637.0
1316,14,41,148,2017,1027056.0,3172411.0
1317,14,42,148,2017,72602.0,6038.0
1318,14,43,148,2017,2624830.0,126121602.0
1319,14,49,148,2017,25676.0,73985.0
1320,14,52,148,2017,9320.0,1050.0
1321,14,58,148,2017,4840.0,5376.0
1322,14,61,148,2017,414765.0,12550193.0
1323,14,64,148,2017,31745.0,427291.0
1324,14,65,148,2017,1763.0,0.0
1325,14,67,148,2017,4375.0,0.0
1326,14,71,148,2017,183713.0,1760258.0
1327,14,74,148,2017,34070.0,186707.0
1328,14,77,148,2017,262170.0,2132918.0
1329,14,81,148,2017,7280778.0,307768439.0
1330,14,90,148,2017,2639.0,197378.0
1331,14,97,148,2017,2812755.0,22604239.0
1332,14,102,148,2017,43432.0,64466.0
1333,14,103,148,2017,1148148.0,410177.0
1334,14,104,148,2017,606757.0,4237330.0
1335,14,106,148,2017,1220711.0,2968126.0
1336,14,111,148,2017,157955.0,3881177.0
1337,14,112,148,2017,10358.0,0.0
1338,14,113,148,2017,121982.0,3013.0
1339,14,114,148,2017,712157.0,6274560.0
1340,14,118,148,2017,24046.0,4439.0
1341,14,121,148,2017,1161040.0,5938502.0
1342,14,122,148,2017,19838.0,4121.0
1343,14,130,148,2017,6640.0,11761.0
1344,14,138,148,2017,17186.0,2063871.0
1345,14,153,148,2017,2356742.0,5010084.0
1346,14,160,148,2017,455.0,0.0
1347,14,162,148,2017,590675.0,3784657.0
1348,14,163,148,2017,30846.0,58007.0
1349,14,166,148,2017,89952692.0,26196534.0
1350,14,169,148,2017,88787.0,6319.0
1351,14,173,148,2017,19994.0,2036.0
1352,14,174,148,2017,1725360.0,854812.0
1353,14,177,148,2017,173469.0,1100666.0
1354,14,179,148,2017,11475.0,42865.0
1355,14,180,148,2017,1035.0,0.0
1356,14,188,148,2017,161650.0,139371.0
1357,14,192,148,2017,3931989.0,55788003.0
1358,14,197,148,2017,949.0,0.0
1359,14,206,148,2017,1412.0,47736.0
1360,14,207,148,2017,1930.0,56730.0
1361,14,208,148,2017,80791.0,768905.0
1362,14,216,148,2017,2087390.0,1439343.0
1363,14,224,148,2017,34033.0,154428.0
1364,14,230,148,2017,2228.0,0.0
1365,14,231,148,2017,57401955.0,133806461.0
1366,14,246,148,2017,516149.0,257403.0
1367,14,249,148,2017,228068.0,3020522.0
1368,14,250,148,2017,107289.0,0.0
1369,14,29,148,2017,801.0,0.0
1370,14,59,148,2017,16325.0,3331462.0
1371,14,124,148,2017,13149.0,111321.0
1372,14,131,148,2017,2517.0,11450.0
1373,14,168,148,2017,55174.0,34921.0
1374,14,2,148,2017,29230.0,0.0
1375,14,25,148,2017,2572.0,1174.0
1376,14,107,148,2017,0.0,16902.0
1377,14,110,148,2017,28253.0,338458.0
1378,14,115,148,2017,2166.0,0.0
1379,14,128,148,2017,65926.0,191561.0
1380,14,183,148,2017,132626.0,7686.0
1381,14,228,148,2017,9085.0,45748.0
1382,14,13,148,2017,993.0,0.0
1383,14,73,148,2017,810.0,17321.0
1384,14,185,148,2017,3154.0,36932.0
1385,14,186,148,2017,60690.0,29241.0
1386,14,31,148,2017,724.0,0.0
1387,14,145,148,2017,26041.0,0.0
1388,14,226,148,2017,77771.0,0.0
1389,14,44,148,2017,46733.0,0.0
1390,14,140,148,2017,896.0,1928.0
1391,14,134,148,2017,2009.0,0.0
1392,14,239,148,2017,536127.0,1146009.0
1393,14,22,148,2017,27637.0,12907.0
1394,14,159,148,2017,11859.0,0.0
1395,14,142,148,2017,3152.0,1216.0
1396,14,237,148,2017,1904.0,10736.0
1397,14,72,148,2017,3748.0,1017.0
1398,14,181,148,2017,15914.0,0.0
1399,14,123,148,2017,66271.0,0.0
1400,14,143,148,2017,3695.0,0.0
1401,14,191,148,2017,18916.0,0.0
1402,14,16,148,2017,2373.0,0.0
1403,14,30,148,2017,5248.0,0.0
1404,14,26,148,2017,702.0,0.0
1405,14,68,148,2017,47444.0,4152.0
1406,14,82,148,2017,0.0,1290.0
1407,14,100,148,2017,1014.0,3690.0
1408,14,108,148,2017,2990.0,0.0
1409,14,116,148,2017,7460.0,2924.0
1410,14,117,148,2017,815.0,573.0
1411,14,132,148,2017,3240.0,14905.0
1412,14,147,148,2017,1373.0,0.0
1413,14,151,148,2017,72619.0,0.0
1414,14,152,148,2017,8085.0,0.0
1415,14,164,148,2017,5832.0,8181.0
1416,14,167,148,2017,23664.0,2616.0
1417,14,201,148,2017,1154.0,11872.0
1418,14,211,148,2017,1729.0,0.0
1419,14,227,148,2017,16979.0,0.0
1420,14,248,148,2017,12993.0,0.0
1421,14,9,148,2017,626.0,0.0
1422,14,17,148,2017,3179.0,0.0
1423,14,83,148,2017,41749.0,0.0
1424,14,46,148,2017,1556.0,0.0
1425,14,242,148,2017,1509285.0,0.0
1426,14,141,148,2017,4411.0,0.0
1427,14,148,148,2017,14779.0,0.0
1428,14,109,148,2017,1787.0,0.0
1429,14,220,148,2017,38623.0,1849.0
1430,14,176,148,2017,5654677.0,2181.0
1431,14,34,148,2017,7444.0,1828.0
1432,14,37,148,2017,6002.0,0.0
1433,14,45,148,2017,0.0,1414.0
1434,14,133,148,2017,35927.0,2366.0
1435,14,155,148,2017,6208.0,0.0
1436,14,156,148,2017,69514.0,6401.0
1437,14,157,148,2017,0.0,3742.0
1438,14,196,148,2017,29934.0,2522.0
1439,14,247,148,2017,13786.0,0.0
1440,14,40,148,2017,25909.0,0.0
1441,14,165,148,2017,38975.0,1967.0
1442,14,21,148,2017,22276.0,0.0
1443,14,158,148,2017,51777.0,0.0
1444,14,240,148,2017,212176.0,5342.0
1445,14,182,148,2017,131689.0,3267.0
1446,14,195,148,2017,3993714.0,0.0
1447,14,75,148,2017,6440987.0,9806.0
1448,14,175,148,2017,6744.0,0.0
1449,14,48,148,2017,58472.0,1141.0
1450,14,119,148,2017,46864.0,0.0
1451,14,137,148,2017,19504.0,0.0
1452,14,221,148,2017,7136.0,0.0
1453,14,225,148,2017,56410.0,0.0
1454,14,56,148,2017,39807.0,0.0
1455,14,1,183,2017,7770394.0,9798.0
1456,14,7,183,2017,43341578.0,20462924.0
1457,14,8,183,2017,2876732.0,585887.0
1458,14,15,183,2017,3416269.0,152589298.0
1459,14,18,183,2017,6854113.0,32368642.0
1460,14,23,183,2017,690379.0,2294729.0
1461,14,24,183,2017,3022638.0,17136.0
1462,14,32,183,2017,20327323.0,16064527.0
1463,14,33,183,2017,12977.0,3903.0
1464,14,39,183,2017,23139284.0,114066793.0
1465,14,41,183,2017,4984705.0,106033620.0
1466,14,42,183,2017,10290957.0,512792.0
1467,14,43,183,2017,297967065.0,8071679645.0
1468,14,49,183,2017,6872495.0,197894.0
1469,14,52,183,2017,964210.0,1760640.0
1470,14,55,183,2017,8200.0,599439.0
1471,14,58,183,2017,188352.0,312237.0
1472,14,61,183,2017,51066983.0,818657216.0
1473,14,64,183,2017,3640721.0,149687085.0
1474,14,65,183,2017,570087.0,1685221.0
1475,14,67,183,2017,2312672.0,12558.0
1476,14,71,183,2017,33774565.0,126248898.0
1477,14,74,183,2017,3025799.0,34125943.0
1478,14,77,183,2017,21523443.0,216606108.0
1479,14,81,183,2017,103713984.0,361742065.0
1480,14,90,183,2017,568044.0,2450578.0
1481,14,93,183,2017,622023.0,0.0
1482,14,96,183,2017,173177.0,0.0
1483,14,97,183,2017,248620716.0,222437958.0
1484,14,99,183,2017,499403.0,6504.0
1485,14,102,183,2017,3018062.0,64125528.0
1486,14,103,183,2017,36790408.0,137843334.0
1487,14,104,183,2017,16009620.0,122154493.0
1488,14,106,183,2017,1925093.0,23768727.0
1489,14,111,183,2017,10824215.0,299062153.0
1490,14,112,183,2017,97409.0,1863.0
1491,14,113,183,2017,942894.0,19806.0
1492,14,114,183,2017,33926514.0,469430400.0
1493,14,118,183,2017,1395711.0,5359.0
1494,14,121,183,2017,24272819.0,533432069.0
1495,14,122,183,2017,2349282.0,120555.0
1496,14,130,183,2017,638908.0,5625546.0
1497,14,138,183,2017,9586524.0,524460789.0
1498,14,153,183,2017,47573383.0,828408143.0
1499,14,160,183,2017,358824.0,37873.0
1500,14,162,183,2017,44760813.0,92487623.0
1501,14,163,183,2017,5801428.0,42901465.0
1502,14,166,183,2017,460692636.0,181571942.0
1503,14,169,183,2017,5985455.0,0.0
1504,14,173,183,2017,2689471.0,180216.0
1505,14,174,183,2017,17262306.0,90495580.0
1506,14,177,183,2017,2653448.0,59877427.0
1507,14,179,183,2017,4922707.0,18536287.0
1508,14,180,183,2017,12498.0,0.0
1509,14,188,183,2017,10966222.0,383694.0
1510,14,190,183,2017,281694.0,0.0
1511,14,192,183,2017,114249745.0,566418582.0
1512,14,197,183,2017,431606.0,93724.0
1513,14,205,183,2017,109977.0,0.0
1514,14,206,183,2017,167519.0,10922325.0
1515,14,207,183,2017,2655670.0,9231304.0
1516,14,208,183,2017,10570919.0,131233349.0
1517,14,216,183,2017,36952427.0,207086565.0
1518,14,222,183,2017,48416.0,0.0
1519,14,224,183,2017,4382864.0,28493724.0
1520,14,230,183,2017,101040.0,205969.0
1521,14,231,183,2017,204290541.0,2056384846.0
1522,14,236,183,2017,12009.0,61279.0
1523,14,246,183,2017,19009320.0,21452032.0
1524,14,249,183,2017,12866959.0,463827085.0
1525,14,250,183,2017,2635494.0,1593.0
1526,14,29,183,2017,1529.0,10693.0
1527,14,59,183,2017,1949595.0,55819745.0
1528,14,124,183,2017,846257.0,378963.0
1529,14,127,183,2017,56885.0,0.0
1530,14,131,183,2017,92658.0,1741268.0
1531,14,168,183,2017,5268767.0,150177.0
1532,14,2,183,2017,38106.0,195308.0
1533,14,25,183,2017,1335546.0,3592.0
1534,14,107,183,2017,2615036.0,503160.0
1535,14,110,183,2017,4259975.0,32082296.0
1536,14,115,183,2017,811595.0,4697.0
1537,14,128,183,2017,3642536.0,1762486.0
1538,14,183,183,2017,3603082.0,187405.0
1539,14,228,183,2017,626158.0,1345474.0
1540,14,13,183,2017,12403.0,0.0
1541,14,54,183,2017,2144.0,14539.0
1542,14,73,183,2017,105073.0,1507.0
1543,14,185,183,2017,22348487.0,14959290.0
1544,14,186,183,2017,4307840.0,2016056.0
1545,14,31,183,2017,278346.0,0.0
1546,14,91,183,2017,1385.0,0.0
1547,14,145,183,2017,3229306.0,10574.0
1548,14,226,183,2017,2012585.0,9010.0
1549,14,44,183,2017,6134071.0,7563.0
1550,14,140,183,2017,17661.0,38763.0
1551,14,134,183,2017,750579.0,897605.0
1552,14,85,183,2017,108620.0,0.0
1553,14,239,183,2017,48771798.0,1089233289.0
1554,14,22,183,2017,3418151.0,1581453.0
1555,14,159,183,2017,416051.0,0.0
1556,14,142,183,2017,720298.0,900651.0
1557,14,237,183,2017,2472.0,110295.0
1558,14,72,183,2017,455385.0,16324083.0
1559,14,19,183,2017,261666.0,0.0
1560,14,123,183,2017,1297585.0,7511721.0
1561,14,143,183,2017,891419.0,105688.0
1562,14,191,183,2017,5129770.0,15525.0
1563,14,120,183,2017,0.0,216344.0
1564,14,16,183,2017,83618.0,644.0
1565,14,30,183,2017,2094.0,7193.0
1566,14,80,183,2017,0.0,23687.0
1567,14,10,183,2017,248077.0,1708052.0
1568,14,26,183,2017,11479.0,16197.0
1569,14,28,183,2017,34472.0,12923.0
1570,14,68,183,2017,3722402.0,1198100.0
1571,14,82,183,2017,178402.0,29030.0
1572,14,100,183,2017,143413.0,4353534.0
1573,14,108,183,2017,1000084.0,0.0
1574,14,116,183,2017,2085885.0,28348.0
1575,14,117,183,2017,50494.0,924.0
1576,14,132,183,2017,767023.0,3665703.0
1577,14,135,183,2017,10135.0,6046.0
1578,14,147,183,2017,1240940.0,4767.0
1579,14,151,183,2017,407765.0,49221.0
1580,14,152,183,2017,2273258.0,7554.0
1581,14,164,183,2017,395046.0,951.0
1582,14,167,183,2017,1585207.0,21326.0
1583,14,187,183,2017,33780.0,5561.0
1584,14,201,183,2017,167446.0,415525.0
1585,14,209,183,2017,0.0,18193.0
1586,14,217,183,2017,5030.0,0.0
1587,14,219,183,2017,0.0,1327.0
1588,14,223,183,2017,171502.0,5581179.0
1589,14,232,183,2017,149416.0,31393.0
1590,14,38,183,2017,48703.0,0.0
1591,14,211,183,2017,63426.0,7672.0
1592,14,227,183,2017,779924.0,10507.0
1593,14,4,183,2017,0.0,27104.0
1594,14,144,183,2017,258782.0,113201.0
1595,14,248,183,2017,108219.0,2484.0
1596,14,9,183,2017,507400.0,18625.0
1597,14,66,183,2017,908781.0,0.0
1598,14,17,183,2017,14046.0,0.0
1599,14,83,183,2017,5962760.0,30314.0
1600,14,46,183,2017,311687.0,84103.0
1601,14,139,183,2017,21455.0,11742.0
1602,14,242,183,2017,1891247.0,7546746.0
1603,14,141,183,2017,1761812.0,77730.0
1604,14,148,183,2017,2077399.0,0.0
1605,14,109,183,2017,239364.0,41084.0
1606,14,136,183,2017,686774.0,47066.0
1607,14,220,183,2017,1426789.0,34749.0
1608,14,176,183,2017,75244700.0,451762.0
1609,14,34,183,2017,573864.0,247462.0
1610,14,214,183,2017,51970.0,0.0
1611,14,37,183,2017,218704.0,21173.0
1612,14,45,183,2017,198926.0,42882.0
1613,14,47,183,2017,72967.0,0.0
1614,14,51,183,2017,0.0,103849.0
1615,14,89,183,2017,3987.0,0.0
1616,14,125,183,2017,9406.0,0.0
1617,14,126,183,2017,39567.0,0.0
1618,14,133,183,2017,7013731.0,9794807.0
1619,14,155,183,2017,880892.0,9309.0
1620,14,156,183,2017,7858804.0,252361.0
1621,14,157,183,2017,70482.0,20879.0
1622,14,196,183,2017,68899.0,115141.0
1623,14,215,183,2017,401497.0,0.0
1624,14,241,183,2017,25241.0,0.0
1625,14,247,183,2017,609507.0,717.0
1626,14,35,183,2017,104937.0,6007.0
1627,14,40,183,2017,315818.0,0.0
1628,14,57,183,2017,0.0,49389.0
1629,14,165,183,2017,1892645.0,19154.0
1630,14,194,183,2017,0.0,1118.0
1631,14,21,183,2017,2430793.0,50791.0
1632,14,62,183,2017,9285.0,0.0
1633,14,199,183,2017,495842.0,0.0
1634,14,69,183,2017,1506.0,0.0
1635,14,101,183,2017,0.0,27038.0
1636,14,158,183,2017,251046.0,0.0
1637,14,240,183,2017,2671539.0,4564.0
1638,14,129,183,2017,0.0,8465.0
1639,14,182,183,2017,733447.0,56367.0
1640,14,195,183,2017,4171575.0,21602.0
1641,14,75,183,2017,18413459.0,4539875.0
1642,14,175,183,2017,327410.0,6739.0
1643,14,48,183,2017,389991.0,0.0
1644,14,119,183,2017,921455.0,3064.0
1645,14,79,183,2017,330784.0,0.0
1646,14,137,183,2017,1274072.0,8895.0
1647,14,95,183,2017,373504.0,67598.0
1648,14,146,183,2017,137895.0,0.0
1649,14,202,183,2017,159893.0,0.0
1650,14,221,183,2017,550624.0,28710.0
1651,14,225,183,2017,177423.0,5856.0
1652,14,11,183,2017,214608.0,0.0
1653,14,56,183,2017,1571098.0,2843.0
1654,14,161,183,2017,2322.0,0.0
1655,14,7,121,2017,17380988.0,1152278.0
1656,14,8,121,2017,166006.0,4373381.0
1657,14,15,121,2017,243652.0,45940268.0
1658,14,18,121,2017,19882497.0,11081475.0
1659,14,23,121,2017,91199.0,15095.0
1660,14,24,121,2017,191447.0,0.0
1661,14,32,121,2017,1265062.0,205145.0
1662,14,33,121,2017,182383.0,649109.0
1663,14,39,121,2017,119856611.0,8561259.0
1664,14,41,121,2017,2699421.0,34934216.0
1665,14,42,121,2017,76045.0,2829999.0
1666,14,43,121,2017,580852028.0,37919994.0
1667,14,49,121,2017,26662.0,176451.0
1668,14,52,121,2017,30277.0,10017.0
1669,14,55,121,2017,130118.0,0.0
1670,14,58,121,2017,92828.0,242025.0
1671,14,61,121,2017,42274173.0,37653937.0
1672,14,64,121,2017,11414731.0,587725.0
1673,14,65,121,2017,173626.0,123426.0
1674,14,67,121,2017,0.0,17101.0
1675,14,71,121,2017,3824846.0,21789694.0
1676,14,74,121,2017,8703437.0,749993.0
1677,14,77,121,2017,8220637.0,206804881.0
1678,14,81,121,2017,251493303.0,205027272.0
1679,14,90,121,2017,62704.0,3020428.0
1680,14,93,121,2017,0.0,704239.0
1681,14,96,121,2017,75528.0,44811.0
1682,14,97,121,2017,104266131.0,4126990.0
1683,14,99,121,2017,1713.0,1258.0
1684,14,102,121,2017,0.0,269542.0
1685,14,103,121,2017,3734473.0,873879.0
1686,14,104,121,2017,3221874.0,1254427.0
1687,14,106,121,2017,15726240.0,32272018.0
1688,14,111,121,2017,12369295.0,133415042.0
1689,14,112,121,2017,416146.0,769515.0
1690,14,113,121,2017,21481.0,40867.0
1691,14,114,121,2017,30792149.0,33908203.0
1692,14,118,121,2017,740006.0,28273.0
1693,14,121,121,2017,53359071.0,11803625.0
1694,14,122,121,2017,96550.0,6853.0
1695,14,130,121,2017,299548.0,27909.0
1696,14,138,121,2017,2112946.0,93519214.0
1697,14,153,121,2017,34859382.0,11725037.0
1698,14,160,121,2017,471.0,112315.0
1699,14,162,121,2017,47023678.0,44196448.0
1700,14,163,121,2017,3462336.0,3604174.0
1701,14,166,121,2017,139887583.0,390701963.0
1702,14,169,121,2017,48290.0,221984.0
1703,14,173,121,2017,41957.0,262436.0
1704,14,174,121,2017,9997280.0,1221794.0
1705,14,177,121,2017,2800684.0,2151984.0
1706,14,179,121,2017,4356.0,3461454.0
1707,14,180,121,2017,7079.0,0.0
1708,14,188,121,2017,183770.0,227823.0
1709,14,192,121,2017,59908028.0,36730165.0
1710,14,197,121,2017,0.0,782270.0
1711,14,205,121,2017,47180.0,0.0
1712,14,206,121,2017,32932.0,493013.0
1713,14,207,121,2017,355627.0,141684.0
1714,14,208,121,2017,15660196.0,25166303.0
1715,14,216,121,2017,19696489.0,4339828.0
1716,14,222,121,2017,392139.0,2855096.0
1717,14,224,121,2017,55498.0,2288195.0
1718,14,230,121,2017,548520.0,22718.0
1719,14,231,121,2017,364527108.0,177671677.0
1720,14,236,121,2017,0.0,307181.0
1721,14,246,121,2017,5598797.0,3641582.0
1722,14,249,121,2017,23299613.0,4342487.0
1723,14,250,121,2017,16477962.0,0.0
1724,14,29,121,2017,2154.0,0.0
1725,14,59,121,2017,314504.0,1415444.0
1726,14,124,121,2017,128729.0,924198.0
1727,14,127,121,2017,39850.0,0.0
1728,14,131,121,2017,19358.0,63232.0
1729,14,168,121,2017,37388.0,263900.0
1730,14,2,121,2017,112399.0,0.0
1731,14,25,121,2017,231829.0,49947.0
1732,14,107,121,2017,0.0,176843.0
1733,14,110,121,2017,391213.0,377390.0
1734,14,115,121,2017,4444.0,0.0
1735,14,128,121,2017,1151066.0,623251.0
1736,14,183,121,2017,1085139.0,0.0
1737,14,212,121,2017,0.0,2704.0
1738,14,228,121,2017,316072.0,74411.0
1739,14,13,121,2017,8007.0,4608.0
1740,14,54,121,2017,0.0,791734.0
1741,14,73,121,2017,3978.0,45317.0
1742,14,185,121,2017,193018.0,44571.0
1743,14,186,121,2017,1010633.0,1103557.0
1744,14,145,121,2017,151026.0,0.0
1745,14,226,121,2017,370548.0,0.0
1746,14,44,121,2017,831.0,0.0
1747,14,140,121,2017,5252.0,355201.0
1748,14,134,121,2017,11051.0,0.0
1749,14,239,121,2017,24629812.0,11760292.0
1750,14,22,121,2017,28834.0,38856.0
1751,14,159,121,2017,456444.0,9409.0
1752,14,142,121,2017,112359.0,577714.0
1753,14,237,121,2017,21526.0,0.0
1754,14,72,121,2017,867750.0,43295.0
1755,14,234,121,2017,15378.0,0.0
1756,14,123,121,2017,63539.0,23521.0
1757,14,143,121,2017,268585.0,5512.0
1758,14,191,121,2017,61515.0,0.0
1759,14,120,121,2017,14633.0,0.0
1760,14,16,121,2017,7585.0,0.0
1761,14,30,121,2017,91550.0,124177.0
1762,14,10,121,2017,262785.0,9156.0
1763,14,26,121,2017,2595.0,84232.0
1764,14,28,121,2017,37436.0,2586.0
1765,14,68,121,2017,0.0,13339.0
1766,14,82,121,2017,0.0,281281.0
1767,14,100,121,2017,0.0,562756.0
1768,14,116,121,2017,387280.0,0.0
1769,14,117,121,2017,3256.0,0.0
1770,14,132,121,2017,3310228.0,1220272.0
1771,14,135,121,2017,315.0,18954.0
1772,14,147,121,2017,0.0,13970.0
1773,14,151,121,2017,322662.0,178533.0
1774,14,152,121,2017,1054.0,0.0
1775,14,164,121,2017,354211.0,43338.0
1776,14,167,121,2017,274455.0,8126.0
1777,14,187,121,2017,9815.0,0.0
1778,14,201,121,2017,19057.0,570455.0
1779,14,223,121,2017,0.0,2102.0
1780,14,211,121,2017,26205.0,324.0
1781,14,227,121,2017,5995.0,928.0
1782,14,144,121,2017,49520.0,106280.0
1783,14,9,121,2017,1402.0,46744.0
1784,14,83,121,2017,41409.0,648.0
1785,14,139,121,2017,19265.0,0.0
1786,14,242,121,2017,340151.0,52737.0
1787,14,141,121,2017,3494.0,0.0
1788,14,109,121,2017,347522.0,395625.0
1789,14,136,121,2017,15813.0,0.0
1790,14,220,121,2017,297381.0,0.0
1791,14,176,121,2017,5579558.0,7981.0
1792,14,34,121,2017,505849.0,0.0
1793,14,45,121,2017,2967.0,0.0
1794,14,92,121,2017,36533.0,0.0
1795,14,133,121,2017,341154.0,0.0
1796,14,155,121,2017,43074.0,15028.0
1797,14,156,121,2017,1928032.0,16112.0
1798,14,196,121,2017,48912.0,0.0
1799,14,241,121,2017,77577.0,0.0
1800,14,247,121,2017,7166.0,1427.0
1801,14,40,121,2017,106392.0,0.0
1802,14,57,121,2017,106462.0,0.0
1803,14,165,121,2017,730065.0,33839.0
1804,14,194,121,2017,381387.0,0.0
1805,14,62,121,2017,0.0,20771.0
1806,14,101,121,2017,0.0,3403.0
1807,14,158,121,2017,701285.0,0.0
1808,14,240,121,2017,2941758.0,7285.0
1809,14,182,121,2017,358091.0,0.0
1810,14,195,121,2017,6464241.0,0.0
1811,14,75,121,2017,6432902.0,1638078.0
1812,14,175,121,2017,11303.0,0.0
1813,14,48,121,2017,775460.0,0.0
1814,14,119,121,2017,37895.0,0.0
1815,14,79,121,2017,61187.0,0.0
1816,14,137,121,2017,298733.0,0.0
1817,14,95,121,2017,145219.0,0.0
1818,14,146,121,2017,13181.0,0.0
1819,14,221,121,2017,214517.0,0.0
1820,14,225,121,2017,106590.0,1342.0
1821,14,11,121,2017,48693.0,0.0
1822,14,56,121,2017,754283.0,0.0
1823,14,161,121,2017,63055.0,0.0
1824,14,7,127,2017,655758685.0,2662605.0
1825,14,8,127,2017,69498466.0,2093134.0
1826,14,15,127,2017,157437.0,2033589.0
1827,14,18,127,2017,2344074.0,7993795.0
1828,14,23,127,2017,47600.0,601551.0
1829,14,24,127,2017,270541770.0,71642.0
1830,14,32,127,2017,2878099.0,1351860.0
1831,14,39,127,2017,243121297.0,24316338.0
1832,14,41,127,2017,200992.0,1652287.0
1833,14,42,127,2017,2180191.0,1903782.0
1834,14,43,127,2017,411214301.0,376468120.0
1835,14,49,127,2017,517330.0,0.0
1836,14,52,127,2017,17484.0,0.0
1837,14,55,127,2017,12639.0,0.0
1838,14,61,127,2017,29197987.0,37967909.0
1839,14,64,127,2017,12144.0,6822531.0
1840,14,65,127,2017,61547.0,67791.0
1841,14,67,127,2017,31597.0,98346.0
1842,14,71,127,2017,312675.0,2264045.0
1843,14,74,127,2017,126892.0,310314.0
1844,14,77,127,2017,52292368.0,5246706.0
1845,14,81,127,2017,6834689.0,5104187.0
1846,14,90,127,2017,28986.0,6226.0
1847,14,93,127,2017,5651.0,0.0
1848,14,96,127,2017,459959.0,0.0
1849,14,97,127,2017,3613127.0,2284000.0
1850,14,102,127,2017,2344.0,916714.0
1851,14,103,127,2017,117850010.0,18868855.0
1852,14,104,127,2017,353349713.0,17266710.0
1853,14,106,127,2017,401068.0,206616.0
1854,14,111,127,2017,4536546.0,6843932.0
1855,14,112,127,2017,11075.0,0.0
1856,14,113,127,2017,58692.0,4736919.0
1857,14,114,127,2017,85643782.0,140634848.0
1858,14,121,127,2017,104579499.0,131391140.0
1859,14,122,127,2017,2036.0,0.0
1860,14,130,127,2017,61551.0,287158.0
1861,14,138,127,2017,597905.0,2130270.0
1862,14,153,127,2017,359389658.0,7960552.0
1863,14,160,127,2017,599722.0,0.0
1864,14,162,127,2017,7711579.0,16614956.0
1865,14,163,127,2017,14962.0,4060104.0
1866,14,166,127,2017,223792744.0,4925520.0
1867,14,169,127,2017,886.0,0.0
1868,14,173,127,2017,28196296.0,1200560.0
1869,14,174,127,2017,2801756.0,1711114.0
1870,14,177,127,2017,2316493.0,1307491.0
1871,14,179,127,2017,3453.0,870369.0
1872,14,188,127,2017,4222646.0,102597156.0
1873,14,190,127,2017,10411.0,0.0
1874,14,192,127,2017,13462707.0,8415140.0
1875,14,205,127,2017,1426.0,0.0
1876,14,206,127,2017,119575.0,0.0
1877,14,207,127,2017,606424.0,26315.0
1878,14,208,127,2017,28654.0,1260973.0
1879,14,216,127,2017,36486631.0,20353187.0
1880,14,224,127,2017,1101995.0,3106148.0
1881,14,231,127,2017,184599725.0,401838872.0
1882,14,246,127,2017,383830167.0,17332547.0
1883,14,249,127,2017,42750864.0,159871954.0
1884,14,250,127,2017,1048338.0,0.0
1885,14,59,127,2017,26423.0,509740.0
1886,14,131,127,2017,1064.0,0.0
1887,14,168,127,2017,57912.0,101823.0
1888,14,2,127,2017,22428.0,2773.0
1889,14,107,127,2017,105309.0,0.0
1890,14,110,127,2017,58574.0,5628981.0
1891,14,115,127,2017,90733.0,1475657.0
1892,14,128,127,2017,41499.0,13476.0
1893,14,183,127,2017,121487093.0,1176824.0
1894,14,228,127,2017,40899.0,2937.0
1895,14,73,127,2017,66271.0,0.0
1896,14,185,127,2017,106762.0,37630.0
1897,14,186,127,2017,165079694.0,7843781.0
1898,14,31,127,2017,218463.0,0.0
1899,14,145,127,2017,58072.0,0.0
1900,14,226,127,2017,8984438.0,0.0
1901,14,44,127,2017,7047148.0,0.0
1902,14,140,127,2017,754.0,0.0
1903,14,134,127,2017,12887.0,195624.0
1904,14,85,127,2017,19013.0,0.0
1905,14,239,127,2017,3082062.0,410520.0
1906,14,22,127,2017,14805.0,0.0
1907,14,159,127,2017,402706.0,0.0
1908,14,72,127,2017,66631.0,176456.0
1909,14,123,127,2017,929482.0,0.0
1910,14,143,127,2017,2187084.0,0.0
1911,14,191,127,2017,331596.0,0.0
1912,14,80,127,2017,46001.0,0.0
1913,14,10,127,2017,0.0,15201.0
1914,14,26,127,2017,0.0,1981.0
1915,14,28,127,2017,167.0,212271.0
1916,14,68,127,2017,55897198.0,3943.0
1917,14,82,127,2017,28916.0,6078.0
1918,14,100,127,2017,0.0,823.0
1919,14,108,127,2017,156185.0,0.0
1920,14,116,127,2017,151422.0,0.0
1921,14,117,127,2017,80282.0,0.0
1922,14,132,127,2017,412276.0,38906.0
1923,14,147,127,2017,351107222.0,0.0
1924,14,151,127,2017,0.0,164598.0
1925,14,164,127,2017,0.0,171608.0
1926,14,167,127,2017,95191739.0,0.0
1927,14,201,127,2017,534.0,0.0
1928,14,223,127,2017,1721.0,1642394.0
1929,14,232,127,2017,0.0,28025.0
1930,14,248,127,2017,40062.0,0.0
1931,14,9,127,2017,7216.0,0.0
1932,14,66,127,2017,104846.0,0.0
1933,14,83,127,2017,15845008.0,0.0
1934,14,46,127,2017,131190.0,0.0
1935,14,242,127,2017,37024.0,10946.0
1936,14,141,127,2017,1845421.0,0.0
1937,14,148,127,2017,501421.0,0.0
1938,14,109,127,2017,182746192.0,31679.0
1939,14,220,127,2017,11017.0,0.0
1940,14,176,127,2017,3937647.0,424475.0
1941,14,34,127,2017,124416.0,0.0
1942,14,37,127,2017,5823.0,0.0
1943,14,125,127,2017,5473.0,0.0
1944,14,155,127,2017,1434188.0,0.0
1945,14,156,127,2017,8379256.0,7223007.0
1946,14,157,127,2017,572745.0,7001.0
1947,14,196,127,2017,102072.0,0.0
1948,14,215,127,2017,43782.0,0.0
1949,14,247,127,2017,68273.0,9405.0
1950,14,40,127,2017,13491.0,0.0
1951,14,57,127,2017,0.0,2529.0
1952,14,165,127,2017,80298.0,18502.0
1953,14,21,127,2017,2638686.0,0.0
1954,14,62,127,2017,81545.0,0.0
1955,14,69,127,2017,45057.0,0.0
1956,14,158,127,2017,4424.0,0.0
1957,14,240,127,2017,38834.0,0.0
1958,14,182,127,2017,319708.0,0.0
1959,14,195,127,2017,360622.0,0.0
1960,14,75,127,2017,1202763.0,0.0
1961,14,119,127,2017,5619.0,0.0
1962,14,95,127,2017,15198.0,0.0
1963,14,221,127,2017,1182.0,0.0
1964,14,225,127,2017,7681.0,0.0
1965,14,56,127,2017,27020.0,0.0
1966,14,7,128,2017,332129.0,234647.0
1967,14,8,128,2017,348026.0,969765.0
1968,14,15,128,2017,29799.0,71804.0
1969,14,18,128,2017,1864446.0,58974658.0
1970,14,23,128,2017,0.0,1152500.0
1971,14,24,128,2017,18721.0,0.0
1972,14,32,128,2017,6036446.0,3239671.0
1973,14,33,128,2017,0.0,9643.0
1974,14,39,128,2017,1131287.0,10140701.0
1975,14,41,128,2017,637540.0,32799549.0
1976,14,42,128,2017,136689.0,1806330.0
1977,14,43,128,2017,13967717.0,684314580.0
1978,14,49,128,2017,615366.0,204809.0
1979,14,52,128,2017,0.0,1998.0
1980,14,58,128,2017,0.0,114628.0
1981,14,61,128,2017,7068196.0,104036269.0
1982,14,64,128,2017,310114.0,1324680.0
1983,14,65,128,2017,1721.0,0.0
1984,14,67,128,2017,0.0,3473.0
1985,14,71,128,2017,829618.0,8599378.0
1986,14,74,128,2017,4871.0,2788335.0
1987,14,77,128,2017,2808619.0,20053350.0
1988,14,81,128,2017,18782914.0,144594832.0
1989,14,90,128,2017,4485.0,4113.0
1990,14,93,128,2017,0.0,8537.0
1991,14,96,128,2017,8621.0,0.0
1992,14,97,128,2017,22997163.0,5148366.0
1993,14,102,128,2017,686880.0,2294519.0
1994,14,103,128,2017,7334943.0,12815615.0
1995,14,104,128,2017,5077303.0,42472712.0
1996,14,106,128,2017,7376326.0,10939672.0
1997,14,111,128,2017,7174550.0,31687753.0
1998,14,112,128,2017,808.0,0.0
1999,14,113,128,2017,48031.0,2857.0
2000,14,114,128,2017,3863786.0,60752599.0
2001,14,118,128,2017,107936.0,0.0
2002,14,121,128,2017,18515792.0,39012591.0
2003,14,122,128,2017,20745.0,0.0
2004,14,130,128,2017,0.0,27895.0
2005,14,138,128,2017,20256.0,4423555.0
2006,14,153,128,2017,4186368.0,19810526.0
2007,14,160,128,2017,812.0,0.0
2008,14,162,128,2017,1188474.0,14102364.0
2009,14,163,128,2017,2774346.0,892778.0
2010,14,166,128,2017,32961393.0,7613417.0
2011,14,173,128,2017,168907.0,34974.0
2012,14,174,128,2017,943865.0,1692897.0
2013,14,177,128,2017,1415526.0,4074371.0
2014,14,179,128,2017,5359.0,2289070.0
2015,14,188,128,2017,199692.0,1871288.0
2016,14,190,128,2017,99316.0,0.0
2017,14,192,128,2017,11391147.0,121487466.0
2018,14,197,128,2017,722161.0,0.0
2019,14,205,128,2017,8720.0,0.0
2020,14,206,128,2017,112825.0,97173.0
2021,14,207,128,2017,15058.0,3971.0
2022,14,208,128,2017,105793.0,363144328.0
2023,14,216,128,2017,7993922.0,51706409.0
2024,14,222,128,2017,14980.0,0.0
2025,14,224,128,2017,29826.0,488686.0
2026,14,230,128,2017,11153.0,593187.0
2027,14,231,128,2017,57582485.0,269572539.0
2028,14,246,128,2017,1657449.0,3866808.0
2029,14,249,128,2017,4397113.0,32275455.0
2030,14,250,128,2017,2774262.0,0.0
2031,14,29,128,2017,0.0,39018.0
2032,14,59,128,2017,704287.0,318743.0
2033,14,124,128,2017,11412.0,66775.0
2034,14,168,128,2017,165396.0,3815.0
2035,14,107,128,2017,198023.0,3144.0
2036,14,110,128,2017,95158.0,4917280.0
2037,14,115,128,2017,5192.0,0.0
2038,14,128,128,2017,386107.0,7546.0
2039,14,183,128,2017,37393.0,4088170.0
2040,14,228,128,2017,2875.0,38251.0
2041,14,73,128,2017,6868.0,0.0
2042,14,185,128,2017,0.0,106654.0
2043,14,186,128,2017,252964.0,2602634.0
2044,14,31,128,2017,17777.0,0.0
2045,14,145,128,2017,34276.0,0.0
2046,14,226,128,2017,258848.0,0.0
2047,14,44,128,2017,5940.0,0.0
2048,14,140,128,2017,0.0,1048.0
2049,14,239,128,2017,2326594.0,311074.0
2050,14,22,128,2017,28918.0,0.0
2051,14,72,128,2017,0.0,30141.0
2052,14,181,128,2017,3297.0,0.0
2053,14,123,128,2017,4442.0,0.0
2054,14,143,128,2017,209026.0,0.0
2055,14,191,128,2017,7822.0,0.0
2056,14,68,128,2017,238960.0,41654.0
2057,14,82,128,2017,0.0,2658.0
2058,14,100,128,2017,10466.0,0.0
2059,14,116,128,2017,171897.0,0.0
2060,14,117,128,2017,0.0,6137.0
2061,14,132,128,2017,31043.0,192915.0
2062,14,147,128,2017,9069.0,0.0
2063,14,151,128,2017,45039.0,0.0
2064,14,164,128,2017,755545.0,1014.0
2065,14,167,128,2017,1157813.0,0.0
2066,14,187,128,2017,4748.0,0.0
2067,14,201,128,2017,3377.0,0.0
2068,14,223,128,2017,27056.0,0.0
2069,14,211,128,2017,7018.0,0.0
2070,14,227,128,2017,158020.0,0.0
2071,14,83,128,2017,59368.0,0.0
2072,14,242,128,2017,16678.0,0.0
2073,14,141,128,2017,0.0,2615.0
2074,14,109,128,2017,1318.0,0.0
2075,14,220,128,2017,10500.0,0.0
2076,14,176,128,2017,2374859.0,39067.0
2077,14,34,128,2017,134126.0,0.0
2078,14,133,128,2017,126110.0,841513.0
2079,14,155,128,2017,2525.0,0.0
2080,14,156,128,2017,315113.0,0.0
2081,14,215,128,2017,3673.0,0.0
2082,14,247,128,2017,22967.0,0.0
2083,14,165,128,2017,24531.0,0.0
2084,14,21,128,2017,3104.0,0.0
2085,14,62,128,2017,8077.0,0.0
2086,14,240,128,2017,35178.0,0.0
2087,14,182,128,2017,11567.0,0.0
2088,14,195,128,2017,127630.0,0.0
2089,14,75,128,2017,971656.0,2807.0
2090,14,48,128,2017,5254.0,0.0
2091,14,119,128,2017,4366.0,0.0
2092,14,79,128,2017,25494.0,0.0
2093,14,137,128,2017,10509.0,0.0
2094,14,221,128,2017,5318.0,0.0
2095,14,1,182,2017,23288.0,3246.0
2096,14,7,182,2017,103425455.0,32176179.0
2097,14,8,182,2017,3919061.0,10259096.0
2098,14,15,182,2017,3781233.0,169409702.0
2099,14,18,182,2017,39397279.0,158888066.0
2100,14,23,182,2017,2257956.0,4143019.0
2101,14,24,182,2017,5171087.0,245327.0
2102,14,32,182,2017,14714461.0,73173156.0
2103,14,33,182,2017,306206.0,8542.0
2104,14,39,182,2017,75984478.0,420639752.0
2105,14,41,182,2017,6905016.0,187109705.0
2106,14,42,182,2017,26010703.0,19676219.0
2107,14,43,182,2017,182015073.0,7230038998.0
2108,14,49,182,2017,6749428.0,706544.0
2109,14,52,182,2017,442016.0,978421.0
2110,14,55,182,2017,265215.0,0.0
2111,14,58,182,2017,1362303.0,858261.0
2112,14,61,182,2017,68161624.0,1918528147.0
2113,14,64,182,2017,5609466.0,235215084.0
2114,14,65,182,2017,1690626.0,656411.0
2115,14,67,182,2017,5173441.0,517674.0
2116,14,71,182,2017,18868401.0,215298025.0
2117,14,74,182,2017,3640528.0,217633034.0
2118,14,77,182,2017,24549690.0,509913502.0
2119,14,81,182,2017,83348283.0,806309861.0
2120,14,90,182,2017,4019713.0,11910558.0
2121,14,93,182,2017,252703.0,0.0
2122,14,96,182,2017,523248.0,52201.0
2123,14,97,182,2017,171738032.0,47773201.0
2124,14,99,182,2017,122216.0,11618.0
2125,14,102,182,2017,783398.0,80468659.0
2126,14,103,182,2017,174788896.0,147823005.0
2127,14,104,182,2017,37852006.0,161765235.0
2128,14,106,182,2017,4058711.0,133602225.0
2129,14,111,182,2017,20995989.0,1124880459.0
2130,14,112,182,2017,279351.0,0.0
2131,14,113,182,2017,569752.0,44902.0
2132,14,114,182,2017,69289511.0,1678298290.0
2133,14,118,182,2017,4018357.0,179293.0
2134,14,121,182,2017,45887068.0,467868181.0
2135,14,122,182,2017,4990996.0,84250.0
2136,14,130,182,2017,539687.0,2096583.0
2137,14,138,182,2017,29498294.0,262807304.0
2138,14,153,182,2017,70347652.0,701394914.0
2139,14,160,182,2017,80701.0,0.0
2140,14,162,182,2017,38495567.0,432582925.0
2141,14,163,182,2017,7753862.0,47259764.0
2142,14,166,182,2017,674698921.0,393035155.0
2143,14,169,182,2017,25238589.0,1339643.0
2144,14,173,182,2017,6558792.0,3327393.0
2145,14,174,182,2017,40684667.0,77066993.0
2146,14,177,182,2017,7237627.0,92714182.0
2147,14,179,182,2017,1641710.0,11965732.0
2148,14,180,182,2017,154956.0,0.0
2149,14,188,182,2017,42480462.0,3200540.0
2150,14,190,182,2017,621866.0,0.0
2151,14,192,182,2017,175454441.0,649934759.0
2152,14,197,182,2017,1477093.0,39952.0
2153,14,205,182,2017,670927.0,0.0
2154,14,206,182,2017,261270.0,31917548.0
2155,14,207,182,2017,1270697.0,37452215.0
2156,14,208,182,2017,12490714.0,468501696.0
2157,14,216,182,2017,96292855.0,1173569088.0
2158,14,222,182,2017,651995.0,49279.0
2159,14,224,182,2017,6706744.0,73310452.0
2160,14,230,182,2017,211256.0,38464.0
2161,14,231,182,2017,424786766.0,4322798852.0
2162,14,236,182,2017,34365.0,160126.0
2163,14,246,182,2017,69452366.0,93194216.0
2164,14,249,182,2017,24927622.0,460481833.0
2165,14,250,182,2017,10116386.0,0.0
2166,14,29,182,2017,115769.0,15343.0
2167,14,59,182,2017,3795584.0,90899696.0
2168,14,124,182,2017,1126347.0,694972.0
2169,14,127,182,2017,7778.0,0.0
2170,14,131,182,2017,407088.0,4399908.0
2171,14,168,182,2017,15671115.0,1075713.0
2172,14,243,182,2017,69014.0,0.0
2173,14,2,182,2017,900288.0,240714.0
2174,14,25,182,2017,2439067.0,7946.0
2175,14,107,182,2017,8222576.0,823189.0
2176,14,110,182,2017,8886369.0,69057094.0
2177,14,115,182,2017,2817063.0,13719.0
2178,14,128,182,2017,16414831.0,1868583.0
2179,14,183,182,2017,5401827.0,43427.0
2180,14,212,182,2017,0.0,8164.0
2181,14,228,182,2017,381585.0,2349676.0
2182,14,13,182,2017,10381.0,0.0
2183,14,54,182,2017,137786.0,1443.0
2184,14,73,182,2017,354428.0,0.0
2185,14,185,182,2017,406358.0,22115145.0
2186,14,186,182,2017,27668560.0,1837011.0
2187,14,31,182,2017,387484.0,3447.0
2188,14,91,182,2017,1830.0,0.0
2189,14,145,182,2017,5958439.0,242623.0
2190,14,226,182,2017,10658260.0,102277.0
2191,14,44,182,2017,15711462.0,112489.0
2192,14,140,182,2017,245360.0,334438.0
2193,14,134,182,2017,4208102.0,68557.0
2194,14,85,182,2017,3170214.0,0.0
2195,14,239,182,2017,45237039.0,242573409.0
2196,14,22,182,2017,5131254.0,235348.0
2197,14,159,182,2017,3440306.0,4014.0
2198,14,142,182,2017,127115.0,1048483.0
2199,14,237,182,2017,60785.0,9452.0
2200,14,72,182,2017,293008.0,3132652.0
2201,14,19,182,2017,119043.0,0.0
2202,14,181,182,2017,46475.0,0.0
2203,14,234,182,2017,2139.0,0.0
2204,14,123,182,2017,7252777.0,278174.0
2205,14,143,182,2017,1482378.0,168634.0
2206,14,191,182,2017,21410278.0,39471.0
2207,14,120,182,2017,2740.0,4646.0
2208,14,16,182,2017,1554305.0,92469.0
2209,14,30,182,2017,19824.0,2393.0
2210,14,80,182,2017,635843.0,0.0
2211,14,10,182,2017,495349.0,592951.0
2212,14,26,182,2017,6293.0,335727.0
2213,14,28,182,2017,59971.0,141226.0
2214,14,68,182,2017,16507729.0,398886.0
2215,14,82,182,2017,965226.0,1304252.0
2216,14,100,182,2017,288160.0,6026070.0
2217,14,108,182,2017,718935.0,0.0
2218,14,116,182,2017,24587873.0,6134.0
2219,14,117,182,2017,772990.0,159148.0
2220,14,132,182,2017,1916477.0,1579594.0
2221,14,135,182,2017,7906.0,0.0
2222,14,147,182,2017,4551125.0,0.0
2223,14,151,182,2017,2628934.0,108047.0
2224,14,152,182,2017,422194.0,0.0
2225,14,164,182,2017,635105.0,46005.0
2226,14,167,182,2017,4067260.0,693009.0
2227,14,187,182,2017,118057.0,14060.0
2228,14,201,182,2017,164872.0,3957746.0
2229,14,209,182,2017,0.0,7155.0
2230,14,219,182,2017,106169.0,0.0
2231,14,223,182,2017,397962.0,673312.0
2232,14,232,182,2017,312355.0,2778.0
2233,14,38,182,2017,46824.0,1384.0
2234,14,211,182,2017,297165.0,1029.0
2235,14,227,182,2017,1731862.0,87765.0
2236,14,4,182,2017,44328.0,1878.0
2237,14,144,182,2017,1160066.0,14725.0
2238,14,248,182,2017,143120.0,0.0
2239,14,9,182,2017,234393.0,6784.0
2240,14,66,182,2017,909409.0,0.0
2241,14,17,182,2017,4134.0,0.0
2242,14,83,182,2017,31516242.0,24228.0
2243,14,46,182,2017,443117.0,2798.0
2244,14,139,182,2017,854234.0,38780.0
2245,14,242,182,2017,1403364.0,36616.0
2246,14,141,182,2017,3366191.0,422130.0
2247,14,148,182,2017,5168233.0,0.0
2248,14,109,182,2017,1127723.0,479867.0
2249,14,136,182,2017,9036626.0,448600.0
2250,14,220,182,2017,2524526.0,78669.0
2251,14,176,182,2017,349287948.0,5461912.0
2252,14,34,182,2017,1887189.0,573614.0
2253,14,214,182,2017,2290.0,0.0
2254,14,37,182,2017,334846.0,259054.0
2255,14,45,182,2017,299204.0,234671.0
2256,14,47,182,2017,403398.0,78159.0
2257,14,51,182,2017,0.0,27043.0
2258,14,89,182,2017,113676.0,0.0
2259,14,92,182,2017,18544.0,0.0
2260,14,125,182,2017,338761.0,281013.0
2261,14,126,182,2017,1533.0,0.0
2262,14,133,182,2017,2260804.0,183767.0
2263,14,155,182,2017,1067444.0,19476.0
2264,14,156,182,2017,47852793.0,1741055.0
2265,14,157,182,2017,487846.0,238483.0
2266,14,196,182,2017,1311793.0,287740.0
2267,14,215,182,2017,1338630.0,8451.0
2268,14,241,182,2017,205248.0,0.0
2269,14,247,182,2017,3623381.0,114709.0
2270,14,35,182,2017,10928.0,1076.0
2271,14,40,182,2017,1006247.0,0.0
2272,14,57,182,2017,572085.0,18709.0
2273,14,165,182,2017,3247388.0,50604.0
2274,14,194,182,2017,0.0,1634.0
2275,14,21,182,2017,4446565.0,4632.0
2276,14,62,182,2017,958625.0,0.0
2277,14,199,182,2017,13589.0,0.0
2278,14,69,182,2017,1456991.0,0.0
2279,14,101,182,2017,32262.0,1199.0
2280,14,158,182,2017,739025.0,0.0
2281,14,240,182,2017,6926042.0,25148.0
2282,14,182,182,2017,2767085.0,120667.0
2283,14,195,182,2017,6840369.0,137470.0
2284,14,75,182,2017,30296990.0,2415908.0
2285,14,175,182,2017,161352.0,88781.0
2286,14,48,182,2017,1079763.0,13319.0
2287,14,119,182,2017,2831453.0,176891.0
2288,14,3,182,2017,0.0,3850.0
2289,14,79,182,2017,119178.0,0.0
2290,14,137,182,2017,4917285.0,145366.0
2291,14,95,182,2017,526771.0,84212.0
2292,14,146,182,2017,38427.0,0.0
2293,14,221,182,2017,1175866.0,3725.0
2294,14,225,182,2017,118571.0,1319.0
2295,14,11,182,2017,948597.0,0.0
2296,14,56,182,2017,3190419.0,1699.0
2297,14,1,192,2017,0.0,10052.0
2298,14,7,192,2017,4407476.0,2369686.0
2299,14,8,192,2017,113558.0,12681.0
2300,14,15,192,2017,258638.0,11903527.0
2301,14,18,192,2017,580066.0,12718353.0
2302,14,23,192,2017,25955.0,488060.0
2303,14,24,192,2017,213774.0,0.0
2304,14,32,192,2017,105503.0,1217233.0
2305,14,33,192,2017,18344.0,0.0
2306,14,39,192,2017,2969070.0,8698844.0
2307,14,41,192,2017,407878.0,4181513.0
2308,14,42,192,2017,419973.0,35322.0
2309,14,43,192,2017,14209112.0,2738969322.0
2310,14,49,192,2017,93513.0,478724.0
2311,14,52,192,2017,2103.0,4350.0
2312,14,55,192,2017,6478.0,38689.0
2313,14,58,192,2017,5622.0,71777.0
2314,14,61,192,2017,2439688.0,106926846.0
2315,14,64,192,2017,390880.0,34099956.0
2316,14,65,192,2017,698.0,35241.0
2317,14,67,192,2017,11568.0,40477.0
2318,14,71,192,2017,1093617.0,15309015.0
2319,14,74,192,2017,72295.0,2253852.0
2320,14,77,192,2017,2503572.0,21204847.0
2321,14,81,192,2017,28155404.0,64816666.0
2322,14,90,192,2017,402567.0,590922.0
2323,14,93,192,2017,33453.0,979.0
2324,14,97,192,2017,6381454.0,6897370.0
2325,14,99,192,2017,2622.0,0.0
2326,14,102,192,2017,26724.0,2447491.0
2327,14,103,192,2017,2459265.0,57155861.0
2328,14,104,192,2017,975737.0,42086328.0
2329,14,106,192,2017,212811.0,1274600.0
2330,14,111,192,2017,542500.0,146794531.0
2331,14,112,192,2017,0.0,1257.0
2332,14,113,192,2017,693145.0,77550.0
2333,14,114,192,2017,2186703.0,10884776.0
2334,14,118,192,2017,112546.0,395018.0
2335,14,121,192,2017,5381201.0,13614542.0
2336,14,122,192,2017,915946.0,16267.0
2337,14,130,192,2017,4759.0,4322224.0
2338,14,138,192,2017,186538.0,14483686.0
2339,14,153,192,2017,1480227.0,155952591.0
2340,14,160,192,2017,672.0,0.0
2341,14,162,192,2017,3287732.0,16806102.0
2342,14,163,192,2017,645656.0,4476402.0
2343,14,166,192,2017,60916237.0,43499413.0
2344,14,169,192,2017,837850.0,43402.0
2345,14,173,192,2017,426572.0,23722.0
2346,14,174,192,2017,3221880.0,3134530.0
2347,14,177,192,2017,85668.0,44746753.0
2348,14,179,192,2017,32038.0,3149669.0
2349,14,180,192,2017,0.0,193147.0
2350,14,188,192,2017,1029545.0,21365.0
2351,14,190,192,2017,148336.0,0.0
2352,14,192,192,2017,7567072.0,10615835.0
2353,14,197,192,2017,1429.0,17242.0
2354,14,205,192,2017,8353.0,9615.0
2355,14,206,192,2017,1207.0,4717059.0
2356,14,207,192,2017,76965.0,921076.0
2357,14,208,192,2017,700660.0,12457774.0
2358,14,216,192,2017,2958485.0,56490581.0
2359,14,224,192,2017,66968.0,14215017.0
2360,14,230,192,2017,1603.0,7631.0
2361,14,231,192,2017,23971873.0,156231687.0
2362,14,246,192,2017,751906.0,4538107.0
2363,14,249,192,2017,735094.0,44000005.0
2364,14,250,192,2017,169754.0,0.0
2365,14,29,192,2017,0.0,8773.0
2366,14,59,192,2017,447944.0,6784048.0
2367,14,124,192,2017,100464.0,294780.0
2368,14,127,192,2017,16395.0,0.0
2369,14,131,192,2017,42391.0,15923.0
2370,14,168,192,2017,97315.0,8273675.0
2371,14,2,192,2017,120600.0,0.0
2372,14,25,192,2017,41094.0,0.0
2373,14,107,192,2017,99902.0,452008.0
2374,14,110,192,2017,379452.0,3056148.0
2375,14,115,192,2017,96776.0,1670.0
2376,14,128,192,2017,342621.0,1109498.0
2377,14,183,192,2017,539298.0,200648.0
2378,14,228,192,2017,19727.0,128816.0
2379,14,13,192,2017,13415.0,0.0
2380,14,73,192,2017,59598.0,3547.0
2381,14,185,192,2017,98441.0,2383975.0
2382,14,186,192,2017,161798.0,839192.0
2383,14,31,192,2017,2166.0,193.0
2384,14,91,192,2017,4600.0,0.0
2385,14,145,192,2017,789118.0,1516.0
2386,14,226,192,2017,280731.0,1408.0
2387,14,44,192,2017,375312.0,3700.0
2388,14,140,192,2017,4095.0,13175.0
2389,14,134,192,2017,122581.0,362995.0
2390,14,85,192,2017,49078.0,0.0
2391,14,239,192,2017,1494164.0,183591125.0
2392,14,22,192,2017,9320.0,597042.0
2393,14,159,192,2017,163015.0,0.0
2394,14,142,192,2017,7024.0,51856.0
2395,14,237,192,2017,0.0,7316.0
2396,14,72,192,2017,64553.0,734026.0
2397,14,19,192,2017,13289.0,0.0
2398,14,123,192,2017,79566.0,37048.0
2399,14,143,192,2017,342979.0,177589.0
2400,14,191,192,2017,1030992.0,0.0
2401,14,16,192,2017,38677.0,902.0
2402,14,30,192,2017,55602.0,0.0
2403,14,10,192,2017,24774.0,1559.0
2404,14,26,192,2017,4935.0,504618.0
2405,14,28,192,2017,0.0,353128.0
2406,14,68,192,2017,316448.0,436245.0
2407,14,82,192,2017,12181.0,2315.0
2408,14,100,192,2017,25766.0,466500.0
2409,14,108,192,2017,87033.0,0.0
2410,14,116,192,2017,35532.0,7780.0
2411,14,117,192,2017,0.0,16937.0
2412,14,132,192,2017,5861.0,2103487.0
2413,14,135,192,2017,0.0,1175.0
2414,14,147,192,2017,346040.0,0.0
2415,14,151,192,2017,171904.0,3342.0
2416,14,152,192,2017,3174.0,1223.0
2417,14,164,192,2017,2446.0,6858.0
2418,14,167,192,2017,387633.0,67065.0
2419,14,187,192,2017,338.0,0.0
2420,14,201,192,2017,0.0,144886.0
2421,14,219,192,2017,12717.0,0.0
2422,14,223,192,2017,445814.0,78091.0
2423,14,38,192,2017,1394.0,0.0
2424,14,211,192,2017,98472.0,2620.0
2425,14,227,192,2017,8907.0,0.0
2426,14,4,192,2017,0.0,27659.0
2427,14,248,192,2017,14114.0,0.0
2428,14,9,192,2017,2862.0,1833.0
2429,14,66,192,2017,16699.0,68022.0
2430,14,17,192,2017,1885.0,0.0
2431,14,83,192,2017,750560.0,140.0
2432,14,46,192,2017,66208.0,0.0
2433,14,139,192,2017,22323.0,0.0
2434,14,242,192,2017,282921.0,0.0
2435,14,141,192,2017,274362.0,1381.0
2436,14,148,192,2017,12455.0,0.0
2437,14,109,192,2017,139748.0,9078.0
2438,14,136,192,2017,294260.0,0.0
2439,14,220,192,2017,481604.0,0.0
2440,14,176,192,2017,10383462.0,7448.0
2441,14,34,192,2017,188908.0,6598.0
2442,14,37,192,2017,5809.0,4693.0
2443,14,45,192,2017,0.0,14326.0
2444,14,133,192,2017,1033923.0,19950.0
2445,14,155,192,2017,8651.0,6719.0
2446,14,156,192,2017,1667873.0,2721.0
2447,14,157,192,2017,0.0,2391.0
2448,14,196,192,2017,79977.0,0.0
2449,14,215,192,2017,7593.0,0.0
2450,14,247,192,2017,12866.0,0.0
2451,14,40,192,2017,152106.0,0.0
2452,14,57,192,2017,7974.0,290294.0
2453,14,165,192,2017,370299.0,6902.0
2454,14,21,192,2017,75040.0,4068.0
2455,14,199,192,2017,95324.0,0.0
2456,14,158,192,2017,127345.0,0.0
2457,14,240,192,2017,764463.0,0.0
2458,14,182,192,2017,119873.0,1909.0
2459,14,195,192,2017,628459.0,0.0
2460,14,75,192,2017,2813095.0,425775.0
2461,14,48,192,2017,250166.0,0.0
2462,14,119,192,2017,507326.0,0.0
2463,14,79,192,2017,6069.0,0.0
2464,14,137,192,2017,117388.0,0.0
2465,14,95,192,2017,0.0,1249.0
2466,14,146,192,2017,21717.0,0.0
2467,14,221,192,2017,88279.0,0.0
2468,14,225,192,2017,147969.0,1546.0
2469,14,56,192,2017,329627.0,0.0
2470,14,1,106,2017,0.0,2913.0
2471,14,7,106,2017,116276090.0,286364.0
2472,14,8,106,2017,8524.0,1802018.0
2473,14,15,106,2017,27743.0,115463.0
2474,14,18,106,2017,972037.0,14464669.0
2475,14,23,106,2017,0.0,5472.0
2476,14,24,106,2017,1643913.0,0.0
2477,14,32,106,2017,4493.0,21071.0
2478,14,39,106,2017,11197066.0,4692960.0
2479,14,41,106,2017,31324.0,0.0
2480,14,42,106,2017,14621.0,313673.0
2481,14,43,106,2017,14603982.0,65974352.0
2482,14,49,106,2017,27174.0,8747.0
2483,14,52,106,2017,11964.0,18212.0
2484,14,58,106,2017,0.0,4626.0
2485,14,61,106,2017,1474031.0,2546507.0
2486,14,64,106,2017,4711.0,0.0
2487,14,67,106,2017,0.0,42913.0
2488,14,71,106,2017,786936.0,5008750.0
2489,14,74,106,2017,5888.0,0.0
2490,14,77,106,2017,3895403.0,702970.0
2491,14,81,106,2017,18655849.0,1741627.0
2492,14,90,106,2017,219540.0,3092681.0
2493,14,93,106,2017,151595.0,81882.0
2494,14,97,106,2017,13614907.0,214914.0
2495,14,102,106,2017,0.0,174267.0
2496,14,103,106,2017,14530185.0,166060.0
2497,14,104,106,2017,818102011.0,7243952.0
2498,14,106,106,2017,20725.0,0.0
2499,14,111,106,2017,1486936.0,1939647.0
2500,14,113,106,2017,9292435.0,0.0
2501,14,114,106,2017,20093338.0,49740.0
2502,14,118,106,2017,5752.0,0.0
2503,14,121,106,2017,9109443.0,6906330.0
2504,14,122,106,2017,2560878.0,0.0
2505,14,138,106,2017,78391.0,18465552.0
2506,14,153,106,2017,22099908.0,713793.0
2507,14,162,106,2017,2074784.0,4525336.0
2508,14,163,106,2017,43161.0,0.0
2509,14,166,106,2017,13402379.0,57054477.0
2510,14,173,106,2017,0.0,4194217.0
2511,14,174,106,2017,7320045.0,98203.0
2512,14,177,106,2017,6044.0,329072.0
2513,14,179,106,2017,55321.0,541164.0
2514,14,188,106,2017,24170367.0,6666.0
2515,14,190,106,2017,866959.0,0.0
2516,14,192,106,2017,35591433.0,132581.0
2517,14,206,106,2017,1262.0,0.0
2518,14,207,106,2017,22170.0,0.0
2519,14,208,106,2017,60608.0,0.0
2520,14,216,106,2017,8093032.0,2397281.0
2521,14,224,106,2017,28815367.0,5941047.0
2522,14,231,106,2017,12078069.0,33752534.0
2523,14,246,106,2017,2116390.0,162407.0
2524,14,249,106,2017,13098670.0,945224.0
2525,14,59,106,2017,44171.0,0.0
2526,14,124,106,2017,2518837.0,19118.0
2527,14,131,106,2017,2920.0,0.0
2528,14,168,106,2017,238606564.0,82333.0
2529,14,243,106,2017,4130602.0,0.0
2530,14,107,106,2017,20329463.0,362605.0
2531,14,110,106,2017,841382.0,545113.0
2532,14,128,106,2017,64184190.0,310138.0
2533,14,183,106,2017,8438496.0,0.0
2534,14,212,106,2017,251038.0,0.0
2535,14,228,106,2017,37191.0,6814.0
2536,14,73,106,2017,0.0,37453.0
2537,14,185,106,2017,8154.0,0.0
2538,14,186,106,2017,20510.0,0.0
2539,14,31,106,2017,0.0,471.0
2540,14,226,106,2017,0.0,16867.0
2541,14,44,106,2017,0.0,9855.0
2542,14,140,106,2017,0.0,128122.0
2543,14,134,106,2017,86824.0,74328.0
2544,14,239,106,2017,26355458.0,1620455.0
2545,14,22,106,2017,275387630.0,55598.0
2546,14,142,106,2017,7508.0,0.0
2547,14,72,106,2017,688.0,0.0
2548,14,181,106,2017,20884.0,4375.0
2549,14,143,106,2017,482222.0,1307130.0
2550,14,16,106,2017,45455.0,0.0
2551,14,68,106,2017,84899520.0,2116007.0
2552,14,108,106,2017,570745.0,0.0
2553,14,116,106,2017,12393.0,10999.0
2554,14,117,106,2017,6051.0,2244.0
2555,14,147,106,2017,0.0,31241.0
2556,14,151,106,2017,3972159.0,0.0
2557,14,152,106,2017,0.0,13849.0
2558,14,164,106,2017,19290065.0,1585.0
2559,14,167,106,2017,1019355.0,0.0
2560,14,201,106,2017,0.0,669713.0
2561,14,211,106,2017,104563.0,0.0
2562,14,227,106,2017,1657.0,0.0
2563,14,144,106,2017,0.0,13526.0
2564,14,248,106,2017,0.0,4996.0
2565,14,66,106,2017,81173.0,0.0
2566,14,83,106,2017,0.0,3765.0
2567,14,46,106,2017,13158.0,0.0
2568,14,242,106,2017,15659.0,180431.0
2569,14,109,106,2017,47499.0,0.0
2570,14,136,106,2017,1242.0,0.0
2571,14,220,106,2017,10027.0,0.0
2572,14,176,106,2017,3357962.0,0.0
2573,14,34,106,2017,1562696.0,0.0
2574,14,156,106,2017,1054287.0,0.0
2575,14,196,106,2017,0.0,5046.0
2576,14,35,106,2017,43919.0,0.0
2577,14,165,106,2017,491869.0,0.0
2578,14,158,106,2017,24419.0,0.0
2579,14,240,106,2017,285821.0,0.0
2580,14,182,106,2017,179210.0,0.0
2581,14,195,106,2017,223509.0,36960.0
2582,14,75,106,2017,3563021.0,993124.0
2583,14,119,106,2017,147876.0,0.0
2584,14,137,106,2017,1476304.0,0.0
2585,14,221,106,2017,9547.0,596055.0
2586,14,225,106,2017,19876.0,0.0
2587,14,56,106,2017,65469.0,0.0
2588,14,7,161,2017,1499322.0,551664.0
2589,14,8,161,2017,0.0,14369.0
2590,14,15,161,2017,167270.0,3135990.0
2591,14,18,161,2017,222668.0,1175500.0
2592,14,23,161,2017,885.0,3528021.0
2593,14,24,161,2017,114543.0,1216.0
2594,14,32,161,2017,37799.0,637741.0
2595,14,33,161,2017,4611.0,0.0
2596,14,39,161,2017,1241766.0,4284153.0
2597,14,41,161,2017,380878.0,4231927.0
2598,14,42,161,2017,58719.0,167888.0
2599,14,43,161,2017,1274466.0,1660786118.0
2600,14,49,161,2017,2371.0,545821.0
2601,14,52,161,2017,12976.0,680967.0
2602,14,58,161,2017,41707.0,76067.0
2603,14,61,161,2017,1126620.0,35596783.0
2604,14,64,161,2017,90624.0,3275474.0
2605,14,65,161,2017,581.0,538019.0
2606,14,67,161,2017,0.0,12752.0
2607,14,71,161,2017,189458.0,34977468.0
2608,14,74,161,2017,228190.0,828978.0
2609,14,77,161,2017,620812.0,29636113.0
2610,14,81,161,2017,7199663.0,100188206.0
2611,14,90,161,2017,21420.0,639976.0
2612,14,93,161,2017,0.0,33769.0
2613,14,97,161,2017,4831681.0,15535334.0
2614,14,99,161,2017,0.0,2819691.0
2615,14,102,161,2017,11027.0,959014.0
2616,14,103,161,2017,439756.0,109519443.0
2617,14,104,161,2017,62699.0,109998303.0
2618,14,106,161,2017,284880.0,116321.0
2619,14,111,161,2017,786424.0,49675861.0
2620,14,113,161,2017,39869.0,236985.0
2621,14,114,161,2017,899477.0,3221796.0
2622,14,118,161,2017,0.0,13739661.0
2623,14,121,161,2017,1051682.0,1143324.0
2624,14,122,161,2017,660000.0,3721.0
2625,14,130,161,2017,93163.0,2032786.0
2626,14,138,161,2017,17964.0,4740375.0
2627,14,153,161,2017,319061.0,6504842.0
2628,14,160,161,2017,0.0,571311.0
2629,14,162,161,2017,2091188.0,3899467.0
2630,14,163,161,2017,88046.0,378913.0
2631,14,166,161,2017,33351700.0,56019677.0
2632,14,169,161,2017,71813.0,2001.0
2633,14,173,161,2017,0.0,825539.0
2634,14,174,161,2017,283401.0,3542902.0
2635,14,177,161,2017,482235.0,2672357.0
2636,14,179,161,2017,186588.0,3053166.0
2637,14,188,161,2017,396199.0,12069.0
2638,14,192,161,2017,2194323.0,9109225.0
2639,14,197,161,2017,0.0,620836.0
2640,14,205,161,2017,0.0,34745.0
2641,14,206,161,2017,6080.0,1676269.0
2642,14,207,161,2017,8293.0,213258.0
2643,14,208,161,2017,471722.0,5359495.0
2644,14,216,161,2017,302296.0,24026654.0
2645,14,224,161,2017,216468.0,12314244.0
2646,14,230,161,2017,1239.0,5774.0
2647,14,231,161,2017,11256594.0,45469501.0
2648,14,246,161,2017,587790.0,2275972.0
2649,14,249,161,2017,201619.0,2668885.0
2650,14,250,161,2017,259571.0,0.0
2651,14,59,161,2017,12885.0,640654.0
2652,14,124,161,2017,279453.0,178123.0
2653,14,131,161,2017,8083.0,70907.0
2654,14,168,161,2017,0.0,19570612.0
2655,14,25,161,2017,6575.0,6543.0
2656,14,107,161,2017,5486.0,3173.0
2657,14,110,161,2017,328441.0,867052.0
2658,14,115,161,2017,89234.0,0.0
2659,14,128,161,2017,4520.0,19164594.0
2660,14,183,161,2017,294326.0,0.0
2661,14,228,161,2017,3437.0,858752.0
2662,14,73,161,2017,357.0,69890.0
2663,14,185,161,2017,13474.0,7012499.0
2664,14,186,161,2017,78412.0,16949.0
2665,14,31,161,2017,0.0,452.0
2666,14,145,161,2017,17640.0,2015.0
2667,14,226,161,2017,50730.0,0.0
2668,14,44,161,2017,126926.0,0.0
2669,14,140,161,2017,602.0,209452.0
2670,14,134,161,2017,10919.0,7930276.0
2671,14,85,161,2017,44578.0,0.0
2672,14,239,161,2017,228275.0,99127013.0
2673,14,22,161,2017,19356.0,181444944.0
2674,14,159,161,2017,1470.0,2740.0
2675,14,142,161,2017,8968.0,10585.0
2676,14,72,161,2017,2601.0,53260.0
2677,14,123,161,2017,78019.0,606296.0
2678,14,143,161,2017,4997.0,3832143.0
2679,14,191,161,2017,55390.0,0.0
2680,14,16,161,2017,22944.0,0.0
2681,14,30,161,2017,9559.0,0.0
2682,14,10,161,2017,5000.0,0.0
2683,14,26,161,2017,0.0,827853.0
2684,14,28,161,2017,0.0,19127.0
2685,14,68,161,2017,276646.0,3011593.0
2686,14,82,161,2017,0.0,182485.0
2687,14,100,161,2017,4323.0,447735.0
2688,14,108,161,2017,11115.0,0.0
2689,14,116,161,2017,28396.0,39100.0
2690,14,117,161,2017,0.0,1481.0
2691,14,132,161,2017,19702.0,40567.0
2692,14,135,161,2017,0.0,307613.0
2693,14,147,161,2017,32518.0,0.0
2694,14,151,161,2017,190916.0,4583878.0
2695,14,164,161,2017,2628.0,841663.0
2696,14,167,161,2017,14863.0,0.0
2697,14,201,161,2017,754.0,140134.0
2698,14,209,161,2017,0.0,308542.0
2699,14,223,161,2017,1673.0,5356835.0
2700,14,232,161,2017,2250.0,0.0
2701,14,211,161,2017,708.0,0.0
2702,14,4,161,2017,0.0,121813.0
2703,14,144,161,2017,870.0,12981.0
2704,14,248,161,2017,3281.0,2301.0
2705,14,9,161,2017,0.0,317248.0
2706,14,83,161,2017,69405.0,6731.0
2707,14,46,161,2017,5570.0,0.0
2708,14,242,161,2017,61530.0,29183.0
2709,14,141,161,2017,48656.0,454.0
2710,14,148,161,2017,236071.0,0.0
2711,14,109,161,2017,54445.0,845.0
2712,14,136,161,2017,12677.0,4139163.0
2713,14,220,161,2017,229821.0,3409.0
2714,14,176,161,2017,2679407.0,3623.0
2715,14,34,161,2017,49344.0,59827.0
2716,14,37,161,2017,237148.0,0.0
2717,14,45,161,2017,1333.0,24347.0
2718,14,47,161,2017,14038.0,0.0
2719,14,89,161,2017,8352.0,0.0
2720,14,133,161,2017,68500.0,188656.0
2721,14,155,161,2017,2051.0,1069.0
2722,14,156,161,2017,392409.0,11268.0
2723,14,157,161,2017,0.0,1933.0
2724,14,196,161,2017,0.0,101744.0
2725,14,247,161,2017,6848.0,0.0
2726,14,5,161,2017,0.0,29423.0
2727,14,40,161,2017,33265.0,0.0
2728,14,57,161,2017,2579.0,0.0
2729,14,165,161,2017,194469.0,0.0
2730,14,21,161,2017,14179.0,0.0
2731,14,69,161,2017,1726.0,0.0
2732,14,101,161,2017,0.0,234667.0
2733,14,158,161,2017,12428.0,0.0
2734,14,240,161,2017,100417.0,0.0
2735,14,129,161,2017,0.0,500185.0
2736,14,182,161,2017,205441.0,0.0
2737,14,195,161,2017,392049.0,0.0
2738,14,75,161,2017,881659.0,30396950.0
2739,14,175,161,2017,3947.0,0.0
2740,14,48,161,2017,98359.0,2912.0
2741,14,119,161,2017,39098.0,0.0
2742,14,137,161,2017,19318.0,1178.0
2743,14,202,161,2017,11731.0,0.0
2744,14,221,161,2017,5578.0,1357.0
2745,14,225,161,2017,3380.0,1470.0
2746,14,11,161,2017,1638.0,0.0
2747,14,56,161,2017,27207.0,0.0
2748,14,7,163,2017,363997.0,550947.0
2749,14,8,163,2017,6358.0,8237.0
2750,14,15,163,2017,42418.0,2020368.0
2751,14,18,163,2017,18314.0,1197384.0
2752,14,23,163,2017,0.0,142866.0
2753,14,24,163,2017,7108.0,0.0
2754,14,32,163,2017,0.0,24682610.0
2755,14,39,163,2017,577080.0,613076.0
2756,14,41,163,2017,171751.0,2835078.0
2757,14,42,163,2017,47276.0,433732.0
2758,14,43,163,2017,9388690.0,702232960.0
2759,14,49,163,2017,2700.0,11322.0
2760,14,52,163,2017,1006.0,5799.0
2761,14,58,163,2017,25592.0,63614.0
2762,14,61,163,2017,1192282.0,29189055.0
2763,14,64,163,2017,446150.0,726677.0
2764,14,65,163,2017,0.0,781367.0
2765,14,71,163,2017,58795.0,20084782.0
2766,14,74,163,2017,23489.0,101323.0
2767,14,77,163,2017,96134.0,8306900.0
2768,14,81,163,2017,2570447.0,14843563.0
2769,14,90,163,2017,9150.0,446626.0
2770,14,93,163,2017,0.0,3520.0
2771,14,96,163,2017,44295.0,0.0
2772,14,97,163,2017,4684847.0,6493908.0
2773,14,99,163,2017,0.0,3669.0
2774,14,102,163,2017,3297.0,749028.0
2775,14,103,163,2017,371380.0,86588912.0
2776,14,104,163,2017,203066.0,26195301.0
2777,14,106,163,2017,92939.0,142306.0
2778,14,111,163,2017,586501.0,73391734.0
2779,14,113,163,2017,2564.0,17161.0
2780,14,114,163,2017,279886.0,615449.0
2781,14,118,163,2017,0.0,18274783.0
2782,14,121,163,2017,383969.0,1034327.0
2783,14,122,163,2017,8718.0,2907.0
2784,14,130,163,2017,36501.0,37935.0
2785,14,138,163,2017,198418.0,738849.0
2786,14,153,163,2017,175755.0,1536046.0
2787,14,162,163,2017,916360.0,2411747.0
2788,14,163,163,2017,302635.0,60486.0
2789,14,166,163,2017,14890498.0,15905648.0
2790,14,169,163,2017,4175.0,147250.0
2791,14,173,163,2017,0.0,37671.0
2792,14,174,163,2017,417993.0,852559.0
2793,14,177,163,2017,122898.0,1212604.0
2794,14,179,163,2017,349652.0,14273751.0
2795,14,188,163,2017,30834.0,0.0
2796,14,192,163,2017,3634211.0,11182334.0
2797,14,197,163,2017,0.0,5996.0
2798,14,205,163,2017,1098.0,0.0
2799,14,206,163,2017,4742.0,505783.0
2800,14,207,163,2017,127123.0,87644.0
2801,14,208,163,2017,2469446.0,1097590.0
2802,14,216,163,2017,147412.0,12443713.0
2803,14,224,163,2017,0.0,7126610.0
2804,14,230,163,2017,1301.0,0.0
2805,14,231,163,2017,6340607.0,22785561.0
2806,14,246,163,2017,643608.0,993258.0
2807,14,249,163,2017,2527993.0,3046519.0
2808,14,250,163,2017,38298.0,0.0
2809,14,59,163,2017,43282.0,280626.0
2810,14,124,163,2017,2917.0,0.0
2811,14,131,163,2017,0.0,80477.0
2812,14,168,163,2017,23286.0,2288909.0
2813,14,2,163,2017,1364.0,0.0
2814,14,107,163,2017,0.0,27611.0
2815,14,110,163,2017,10468625.0,2416189.0
2816,14,128,163,2017,24191.0,4165834.0
2817,14,183,163,2017,81955.0,0.0
2818,14,228,163,2017,0.0,3516.0
2819,14,73,163,2017,0.0,218475.0
2820,14,185,163,2017,10647.0,3350599.0
2821,14,186,163,2017,19783.0,149943.0
2822,14,31,163,2017,3430.0,0.0
2823,14,145,163,2017,95836.0,145.0
2824,14,226,163,2017,68743.0,0.0
2825,14,44,163,2017,50415.0,0.0
2826,14,140,163,2017,1759.0,7557.0
2827,14,134,163,2017,12327.0,811350.0
2828,14,239,163,2017,266443.0,225353906.0
2829,14,22,163,2017,0.0,3213466.0
2830,14,159,163,2017,20313.0,5056.0
2831,14,142,163,2017,21496.0,0.0
2832,14,237,163,2017,0.0,21441.0
2833,14,181,163,2017,0.0,3664.0
2834,14,123,163,2017,19383.0,253032.0
2835,14,143,163,2017,0.0,942281.0
2836,14,191,163,2017,987.0,0.0
2837,14,80,163,2017,0.0,5027.0
2838,14,26,163,2017,0.0,951222.0
2839,14,68,163,2017,6914.0,0.0
2840,14,82,163,2017,1869.0,0.0
2841,14,100,163,2017,0.0,380299.0
2842,14,108,163,2017,17424.0,0.0
2843,14,116,163,2017,135979.0,38030.0
2844,14,132,163,2017,0.0,36027.0
2845,14,135,163,2017,0.0,53220.0
2846,14,147,163,2017,25895.0,0.0
2847,14,151,163,2017,17389.0,0.0
2848,14,164,163,2017,0.0,17181.0
2849,14,167,163,2017,221740.0,0.0
2850,14,201,163,2017,1083.0,152082.0
2851,14,223,163,2017,881.0,130269.0
2852,14,211,163,2017,19879.0,5574.0
2853,14,4,163,2017,0.0,146787.0
2854,14,144,163,2017,0.0,3424.0
2855,14,9,163,2017,0.0,23832.0
2856,14,17,163,2017,2123.0,0.0
2857,14,83,163,2017,123176.0,0.0
2858,14,46,163,2017,13825.0,0.0
2859,14,242,163,2017,155456.0,1669.0
2860,14,141,163,2017,14412.0,0.0
2861,14,109,163,2017,62256.0,409.0
2862,14,136,163,2017,358601.0,11733.0
2863,14,220,163,2017,180570.0,0.0
2864,14,176,163,2017,3662023.0,0.0
2865,14,34,163,2017,20547.0,4740.0
2866,14,37,163,2017,2141.0,0.0
2867,14,133,163,2017,47114.0,100034.0
2868,14,155,163,2017,2501.0,0.0
2869,14,156,163,2017,1668566.0,0.0
2870,14,196,163,2017,5089.0,4081.0
2871,14,215,163,2017,5424.0,0.0
2872,14,5,163,2017,0.0,26768.0
2873,14,21,163,2017,20502.0,0.0
2874,14,199,163,2017,2177.0,0.0
2875,14,158,163,2017,32313.0,0.0
2876,14,240,163,2017,192807.0,0.0
2877,14,182,163,2017,378276.0,0.0
2878,14,195,163,2017,394688.0,0.0
2879,14,75,163,2017,2040442.0,108231.0
2880,14,175,163,2017,3720.0,0.0
2881,14,48,163,2017,95368.0,0.0
2882,14,119,163,2017,1076.0,6561.0
2883,14,137,163,2017,29860.0,0.0
2884,14,95,163,2017,22804.0,0.0
2885,14,221,163,2017,8066.0,0.0
2886,14,225,163,2017,22494.0,0.0
2887,14,11,163,2017,2274.0,0.0
2888,14,1,185,2017,15336.0,0.0
2889,14,7,185,2017,131887284.0,9866830.0
2890,14,8,185,2017,681291.0,176514794.0
2891,14,15,185,2017,532778.0,501646846.0
2892,14,18,185,2017,9746464.0,97808679.0
2893,14,23,185,2017,105071.0,267717.0
2894,14,24,185,2017,10911149.0,87592.0
2895,14,32,185,2017,1518876.0,28723530.0
2896,14,33,185,2017,13630.0,0.0
2897,14,39,185,2017,7892167.0,74702162.0
2898,14,41,185,2017,2848610.0,12124384.0
2899,14,42,185,2017,2081325.0,1379566.0
2900,14,43,185,2017,30210819.0,933189291.0
2901,14,49,185,2017,7821580.0,79644.0
2902,14,52,185,2017,93930.0,1614.0
2903,14,55,185,2017,2843.0,4776.0
2904,14,58,185,2017,100045.0,40646.0
2905,14,61,185,2017,9187574.0,3522805010.0
2906,14,64,185,2017,155554.0,5001935.0
2907,14,65,185,2017,21075.0,0.0
2908,14,67,185,2017,477373.0,21645.0
2909,14,71,185,2017,1585328.0,340890784.0
2910,14,74,185,2017,643296.0,57484300.0
2911,14,77,185,2017,6299787.0,297017258.0
2912,14,81,185,2017,26847795.0,1417753696.0
2913,14,90,185,2017,35000.0,97383.0
2914,14,93,185,2017,3248.0,2403.0
2915,14,96,185,2017,229168.0,0.0
2916,14,97,185,2017,7949129.0,6432564.0
2917,14,99,185,2017,49649.0,0.0
2918,14,102,185,2017,801315.0,164683185.0
2919,14,103,185,2017,33671739.0,24849638.0
2920,14,104,185,2017,3584526.0,105415895.0
2921,14,106,185,2017,941645.0,2075952.0
2922,14,111,185,2017,6324834.0,489648938.0
2923,14,112,185,2017,270208.0,6816.0
2924,14,113,185,2017,1556079.0,821.0
2925,14,114,185,2017,34829854.0,7771177638.0
2926,14,118,185,2017,144258.0,1149484.0
2927,14,121,185,2017,4913210.0,2441512628.0
2928,14,122,185,2017,58153089.0,131514.0
2929,14,130,185,2017,61345.0,477974.0
2930,14,138,185,2017,2359678.0,229699691.0
2931,14,153,185,2017,9330643.0,37156663.0
2932,14,160,185,2017,57134.0,0.0
2933,14,162,185,2017,9820557.0,155791376.0
2934,14,163,185,2017,262030.0,2249144.0
2935,14,166,185,2017,441189060.0,93403684.0
2936,14,169,185,2017,778028.0,154834.0
2937,14,173,185,2017,1711292.0,949449.0
2938,14,174,185,2017,3786654.0,2988753.0
2939,14,177,185,2017,2217859.0,155043660.0
2940,14,179,185,2017,100612.0,1768642.0
2941,14,180,185,2017,83059.0,0.0
2942,14,188,185,2017,289705099.0,624012.0
2943,14,190,185,2017,285884.0,0.0
2944,14,192,185,2017,16883339.0,74294734.0
2945,14,197,185,2017,22501.0,0.0
2946,14,205,185,2017,95895.0,3796.0
2947,14,206,185,2017,48445.0,132688923.0
2948,14,207,185,2017,146823.0,15215046.0
2949,14,208,185,2017,3815945.0,219777447.0
2950,14,216,185,2017,20682160.0,5656054475.0
2951,14,222,185,2017,222729.0,0.0
2952,14,224,185,2017,525758.0,82831607.0
2953,14,230,185,2017,1221.0,0.0
2954,14,231,185,2017,247648509.0,3199506234.0
2955,14,236,185,2017,719827.0,12775.0
2956,14,246,185,2017,12405629.0,350451203.0
2957,14,249,185,2017,804234.0,178404477.0
2958,14,250,185,2017,69455.0,0.0
2959,14,29,185,2017,1873.0,78314.0
2960,14,59,185,2017,5478889.0,138858538.0
2961,14,124,185,2017,1906162.0,146168.0
2962,14,131,185,2017,216040.0,337552.0
2963,14,168,185,2017,8496319.0,38011.0
2964,14,2,185,2017,184104.0,0.0
2965,14,25,185,2017,0.0,2161.0
2966,14,107,185,2017,639828.0,73387.0
2967,14,110,185,2017,1491469.0,7355156.0
2968,14,115,185,2017,484482.0,0.0
2969,14,128,185,2017,4720646.0,2991016.0
2970,14,183,185,2017,8894105.0,2704.0
2971,14,228,185,2017,169194.0,10889.0
2972,14,73,185,2017,14456.0,0.0
2973,14,185,185,2017,24473.0,2478573.0
2974,14,186,185,2017,1882332.0,695591.0
2975,14,31,185,2017,50024.0,0.0
2976,14,145,185,2017,745186.0,906.0
2977,14,226,185,2017,1048956.0,12379.0
2978,14,44,185,2017,2783013.0,0.0
2979,14,140,185,2017,2254.0,6872.0
2980,14,134,185,2017,40150.0,17469.0
2981,14,85,185,2017,388801.0,0.0
2982,14,239,185,2017,3474179.0,17543775.0
2983,14,22,185,2017,1860663.0,345301.0
2984,14,159,185,2017,4771223.0,0.0
2985,14,142,185,2017,73897.0,217327.0
2986,14,72,185,2017,228795.0,350350.0
2987,14,19,185,2017,1072.0,0.0
2988,14,181,185,2017,12728.0,0.0
2989,14,234,185,2017,2696.0,0.0
2990,14,123,185,2017,712494.0,0.0
2991,14,143,185,2017,88663.0,0.0
2992,14,191,185,2017,419111.0,0.0
2993,14,120,185,2017,0.0,1540.0
2994,14,16,185,2017,168854.0,0.0
2995,14,30,185,2017,4136.0,0.0
2996,14,80,185,2017,0.0,6173.0
2997,14,10,185,2017,21381.0,4445.0
2998,14,26,185,2017,12530.0,173561.0
2999,14,28,185,2017,25805.0,65090.0
3000,14,68,185,2017,7125708.0,91825.0
3001,14,82,185,2017,175535.0,1052.0
3002,14,100,185,2017,153260.0,42271.0
3003,14,108,185,2017,991013.0,0.0
3004,14,116,185,2017,7084368.0,0.0
3005,14,117,185,2017,596683.0,471.0
3006,14,132,185,2017,537137.0,344735.0
3007,14,135,185,2017,2038.0,0.0
3008,14,147,185,2017,4015086.0,1724.0
3009,14,151,185,2017,107150.0,7559.0
3010,14,152,185,2017,35817.0,0.0
3011,14,164,185,2017,0.0,23032.0
3012,14,167,185,2017,27369429.0,105159.0
3013,14,187,185,2017,7644.0,0.0
3014,14,201,185,2017,7579.0,94436.0
3015,14,223,185,2017,57602.0,44075.0
3016,14,232,185,2017,4208.0,0.0
3017,14,38,185,2017,17264.0,0.0
3018,14,211,185,2017,22396.0,0.0
3019,14,227,185,2017,219238.0,0.0
3020,14,144,185,2017,1024.0,0.0
3021,14,248,185,2017,258452.0,0.0
3022,14,9,185,2017,3290.0,0.0
3023,14,66,185,2017,92687.0,0.0
3024,14,17,185,2017,3579.0,0.0
3025,14,83,185,2017,5409167.0,0.0
3026,14,46,185,2017,405150.0,0.0
3027,14,242,185,2017,386280.0,20923.0
3028,14,141,185,2017,166086.0,68101.0
3029,14,148,185,2017,890516.0,0.0
3030,14,109,185,2017,172472.0,732.0
3031,14,136,185,2017,358905.0,0.0
3032,14,220,185,2017,3321204.0,56416.0
3033,14,176,185,2017,81860550.0,220894.0
3034,14,34,185,2017,492788.0,201137.0
3035,14,214,185,2017,11150.0,0.0
3036,14,37,185,2017,140334.0,94928.0
3037,14,45,185,2017,231772.0,0.0
3038,14,47,185,2017,13443.0,0.0
3039,14,125,185,2017,19760.0,0.0
3040,14,133,185,2017,209851.0,0.0
3041,14,155,185,2017,180210.0,51192.0
3042,14,156,185,2017,7572001.0,81376.0
3043,14,157,185,2017,8658.0,122899.0
3044,14,196,185,2017,57744.0,51932.0
3045,14,215,185,2017,10407.0,0.0
3046,14,241,185,2017,232028.0,0.0
3047,14,247,185,2017,4502258.0,131150.0
3048,14,35,185,2017,0.0,719135.0
3049,14,40,185,2017,1320523.0,0.0
3050,14,57,185,2017,4308.0,0.0
3051,14,165,185,2017,2122733.0,0.0
3052,14,21,185,2017,109452.0,0.0
3053,14,62,185,2017,38899.0,2068.0
3054,14,199,185,2017,46439.0,0.0
3055,14,158,185,2017,469561.0,0.0
3056,14,240,185,2017,1626887.0,57837.0
3057,14,182,185,2017,820071.0,0.0
3058,14,195,185,2017,2075474.0,0.0
3059,14,75,185,2017,10827221.0,1147531.0
3060,14,48,185,2017,394460.0,0.0
3061,14,119,185,2017,606341.0,0.0
3062,14,137,185,2017,194630.0,0.0
3063,14,95,185,2017,286435.0,0.0
3064,14,146,185,2017,2208.0,0.0
3065,14,221,185,2017,202139.0,88608.0
3066,14,225,185,2017,9499.0,2324.0
3067,14,11,185,2017,369681.0,0.0
3068,14,56,185,2017,1970045.0,1385.0
3069,14,161,185,2017,20056.0,0.0
3070,14,1,107,2017,0.0,73828.0
3071,14,7,107,2017,49880607.0,491318.0
3072,14,8,107,2017,886491.0,0.0
3073,14,15,107,2017,283803.0,89272.0
3074,14,18,107,2017,7812333.0,247678.0
3075,14,23,107,2017,0.0,132587.0
3076,14,24,107,2017,1048198.0,0.0
3077,14,32,107,2017,0.0,5322110.0
3078,14,33,107,2017,3407.0,0.0
3079,14,39,107,2017,8545876.0,9618644.0
3080,14,41,107,2017,2957704.0,0.0
3081,14,42,107,2017,243287.0,56229776.0
3082,14,43,107,2017,263349049.0,32297769.0
3083,14,49,107,2017,0.0,297397.0
3084,14,52,107,2017,0.0,61960.0
3085,14,55,107,2017,0.0,4229.0
3086,14,58,107,2017,0.0,6355.0
3087,14,61,107,2017,35735681.0,1664338.0
3088,14,64,107,2017,4234857.0,0.0
3089,14,67,107,2017,0.0,648311.0
3090,14,71,107,2017,40112090.0,4420492.0
3091,14,74,107,2017,13214.0,0.0
3092,14,77,107,2017,6745717.0,398093.0
3093,14,81,107,2017,8460326.0,721447.0
3094,14,90,107,2017,774685.0,1639874.0
3095,14,93,107,2017,0.0,480394.0
3096,14,97,107,2017,135472657.0,1355757.0
3097,14,102,107,2017,0.0,1859.0
3098,14,103,107,2017,60020682.0,7964921.0
3099,14,104,107,2017,87126785.0,5710054.0
3100,14,106,107,2017,14138.0,0.0
3101,14,111,107,2017,18318074.0,11722037.0
3102,14,113,107,2017,596031.0,0.0
3103,14,114,107,2017,84931495.0,2060.0
3104,14,118,107,2017,118733.0,0.0
3105,14,121,107,2017,13745420.0,629787.0
3106,14,122,107,2017,7275618.0,0.0
3107,14,130,107,2017,0.0,18650.0
3108,14,138,107,2017,0.0,9532943.0
3109,14,153,107,2017,28523223.0,1361193.0
3110,14,162,107,2017,19798682.0,1492653.0
3111,14,163,107,2017,550297.0,0.0
3112,14,166,107,2017,59490574.0,135103967.0
3113,14,173,107,2017,0.0,4497293.0
3114,14,174,107,2017,13318224.0,14518055.0
3115,14,177,107,2017,2861606.0,1709817.0
3116,14,179,107,2017,0.0,14525.0
3117,14,188,107,2017,13810620.0,228810.0
3118,14,192,107,2017,46578060.0,55267.0
3119,14,206,107,2017,64380.0,0.0
3120,14,207,107,2017,185197.0,0.0
3121,14,208,107,2017,1449489.0,156700.0
3122,14,216,107,2017,38993463.0,11938245.0
3123,14,224,107,2017,4103045.0,62396255.0
3124,14,230,107,2017,47408.0,0.0
3125,14,231,107,2017,41249037.0,214930291.0
3126,14,246,107,2017,1311402.0,8489609.0
3127,14,249,107,2017,18426675.0,38951.0
3128,14,59,107,2017,225425.0,0.0
3129,14,124,107,2017,895068.0,495479.0
3130,14,131,107,2017,441112.0,0.0
3131,14,168,107,2017,2824126.0,889512.0
3132,14,107,107,2017,150144.0,11566535.0
3133,14,110,107,2017,747.0,3481120.0
3134,14,115,107,2017,85536.0,0.0
3135,14,128,107,2017,4419704.0,2820765.0
3136,14,183,107,2017,6445014.0,0.0
3137,14,212,107,2017,0.0,1313.0
3138,14,228,107,2017,13840.0,49814.0
3139,14,73,107,2017,1054.0,0.0
3140,14,186,107,2017,154554.0,2266.0
3141,14,31,107,2017,0.0,762278.0
3142,14,226,107,2017,0.0,5899.0
3143,14,140,107,2017,11139.0,0.0
3144,14,134,107,2017,1076.0,244112.0
3145,14,239,107,2017,79760638.0,116560704.0
3146,14,22,107,2017,2410063.0,6729.0
3147,14,159,107,2017,82774.0,0.0
3148,14,142,107,2017,25898.0,0.0
3149,14,72,107,2017,12288.0,0.0
3150,14,181,107,2017,0.0,81084.0
3151,14,143,107,2017,491418.0,51482.0
3152,14,16,107,2017,265585.0,3171.0
3153,14,10,107,2017,0.0,16407.0
3154,14,26,107,2017,2831.0,0.0
3155,14,28,107,2017,16813.0,0.0
3156,14,68,107,2017,1103456.0,6306172.0
3157,14,82,107,2017,0.0,12964.0
3158,14,100,107,2017,345970.0,0.0
3159,14,116,107,2017,0.0,149662.0
3160,14,117,107,2017,6840.0,0.0
3161,14,135,107,2017,2152.0,283874.0
3162,14,147,107,2017,0.0,114309.0
3163,14,151,107,2017,318617.0,0.0
3164,14,152,107,2017,0.0,898056.0
3165,14,164,107,2017,92965.0,0.0
3166,14,167,107,2017,1646748.0,0.0
3167,14,201,107,2017,43479.0,1911441.0
3168,14,223,107,2017,40290.0,335091.0
3169,14,232,107,2017,0.0,71696.0
3170,14,211,107,2017,100650.0,0.0
3171,14,4,107,2017,0.0,9935.0
3172,14,9,107,2017,45753.0,0.0
3173,14,66,107,2017,0.0,26286.0
3174,14,83,107,2017,0.0,525.0
3175,14,242,107,2017,10523.0,467949.0
3176,14,109,107,2017,18877.0,0.0
3177,14,220,107,2017,103394.0,0.0
3178,14,176,107,2017,5566002.0,0.0
3179,14,34,107,2017,944325.0,0.0
3180,14,126,107,2017,621583.0,0.0
3181,14,156,107,2017,2599899.0,0.0
3182,14,215,107,2017,0.0,6518.0
3183,14,165,107,2017,628125.0,0.0
3184,14,240,107,2017,133695.0,0.0
3185,14,182,107,2017,1330974.0,0.0
3186,14,195,107,2017,115807.0,21618.0
3187,14,75,107,2017,2186948.0,619138.0
3188,14,48,107,2017,80567.0,0.0
3189,14,119,107,2017,45462.0,0.0
3190,14,137,107,2017,851495.0,0.0
3191,14,95,107,2017,288617.0,0.0
3192,14,221,107,2017,0.0,139937.0
3193,14,225,107,2017,17282.0,0.0
3194,14,161,107,2017,3326.0,0.0
3195,14,1,108,2017,0.0,16997.0
3196,14,7,108,2017,737000.0,9753046.0
3197,14,8,108,2017,0.0,159829.0
3198,14,15,108,2017,6061.0,289236.0
3199,14,18,108,2017,7174.0,342720.0
3200,14,23,108,2017,19719.0,7213.0
3201,14,24,108,2017,145244.0,0.0
3202,14,32,108,2017,0.0,53160232.0
3203,14,39,108,2017,103504.0,3146046.0
3204,14,41,108,2017,628011.0,92148717.0
3205,14,42,108,2017,2184.0,154177.0
3206,14,43,108,2017,1823386.0,25011183.0
3207,14,49,108,2017,0.0,34615419.0
3208,14,52,108,2017,0.0,12593880.0
3209,14,58,108,2017,264171.0,43457.0
3210,14,61,108,2017,1969043.0,45447209.0
3211,14,64,108,2017,14152.0,2678.0
3212,14,65,108,2017,0.0,115290.0
3213,14,67,108,2017,0.0,40571.0
3214,14,71,108,2017,75784.0,6145597.0
3215,14,74,108,2017,4499.0,19799.0
3216,14,77,108,2017,280280.0,7768755.0
3217,14,81,108,2017,867900.0,8523661.0
3218,14,90,108,2017,28827.0,357188.0
3219,14,93,108,2017,0.0,8945778.0
3220,14,97,108,2017,1111007.0,326003.0
3221,14,99,108,2017,0.0,10287789.0
3222,14,102,108,2017,0.0,106184.0
3223,14,103,108,2017,380931.0,30776901.0
3224,14,104,108,2017,16971.0,61781549.0
3225,14,106,108,2017,13752.0,87499.0
3226,14,111,108,2017,1886.0,38268283.0
3227,14,112,108,2017,0.0,99680.0
3228,14,113,108,2017,28724.0,310844.0
3229,14,114,108,2017,3260649.0,2645676.0
3230,14,118,108,2017,7057.0,0.0
3231,14,121,108,2017,484883.0,826852.0
3232,14,122,108,2017,156024.0,0.0
3233,14,130,108,2017,0.0,20272.0
3234,14,138,108,2017,0.0,4048357.0
3235,14,153,108,2017,3245022.0,1782887.0
3236,14,160,108,2017,0.0,6610709.0
3237,14,162,108,2017,997351.0,3204843.0
3238,14,163,108,2017,824.0,1756.0
3239,14,166,108,2017,15345126.0,2345988.0
3240,14,169,108,2017,0.0,1026757.0
3241,14,173,108,2017,0.0,4973313.0
3242,14,174,108,2017,288700.0,146642.0
3243,14,177,108,2017,0.0,4145253.0
3244,14,179,108,2017,0.0,111106.0
3245,14,180,108,2017,0.0,3953.0
3246,14,188,108,2017,284471.0,1202.0
3247,14,190,108,2017,6984.0,0.0
3248,14,192,108,2017,3023289.0,1152938.0
3249,14,197,108,2017,0.0,1859805.0
3250,14,206,108,2017,10242.0,0.0
3251,14,207,108,2017,0.0,43496.0
3252,14,208,108,2017,0.0,53641.0
3253,14,216,108,2017,788634.0,991310.0
3254,14,224,108,2017,317669.0,3241093.0
3255,14,230,108,2017,0.0,12276.0
3256,14,231,108,2017,1928949.0,6797606.0
3257,14,246,108,2017,142767.0,4755828.0
3258,14,249,108,2017,498192.0,2086422.0
3259,14,250,108,2017,367582.0,0.0
3260,14,59,108,2017,7487.0,23745.0
3261,14,124,108,2017,8246.0,886290.0
3262,14,168,108,2017,789485.0,1568649.0
3263,14,25,108,2017,0.0,7902.0
3264,14,107,108,2017,0.0,754095.0
3265,14,110,108,2017,0.0,145681.0
3266,14,115,108,2017,30808.0,0.0
3267,14,128,108,2017,376008.0,29990294.0
3268,14,183,108,2017,18690.0,0.0
3269,14,212,108,2017,0.0,157962.0
3270,14,228,108,2017,0.0,35150.0
3271,14,54,108,2017,0.0,256414.0
3272,14,73,108,2017,0.0,21789381.0
3273,14,185,108,2017,152569.0,0.0
3274,14,186,108,2017,2560.0,13442.0
3275,14,31,108,2017,0.0,2155.0
3276,14,226,108,2017,0.0,1726441.0
3277,14,44,108,2017,0.0,2967.0
3278,14,140,108,2017,0.0,186750.0
3279,14,134,108,2017,0.0,649939.0
3280,14,239,108,2017,562234.0,37595300.0
3281,14,22,108,2017,31006.0,233584.0
3282,14,159,108,2017,14494.0,20975.0
3283,14,72,108,2017,1843.0,7197.0
3284,14,181,108,2017,0.0,5143.0
3285,14,143,108,2017,24134.0,94115.0
3286,14,16,108,2017,68695.0,0.0
3287,14,10,108,2017,3263.0,0.0
3288,14,26,108,2017,0.0,88431.0
3289,14,68,108,2017,0.0,97815.0
3290,14,82,108,2017,187500.0,0.0
3291,14,100,108,2017,0.0,234930.0
3292,14,116,108,2017,5739.0,4815608.0
3293,14,151,108,2017,0.0,5759.0
3294,14,152,108,2017,0.0,76605.0
3295,14,164,108,2017,6217.0,86645.0
3296,14,167,108,2017,46548.0,0.0
3297,14,187,108,2017,0.0,676507.0
3298,14,201,108,2017,0.0,145013.0
3299,14,223,108,2017,0.0,19118.0
3300,14,211,108,2017,3137.0,1514.0
3301,14,227,108,2017,0.0,986029.0
3302,14,4,108,2017,0.0,33398.0
3303,14,17,108,2017,0.0,92776.0
3304,14,83,108,2017,0.0,368.0
3305,14,46,108,2017,0.0,138563.0
3306,14,242,108,2017,37997.0,0.0
3307,14,109,108,2017,6436.0,0.0
3308,14,136,108,2017,0.0,553013.0
3309,14,220,108,2017,17011.0,804406.0
3310,14,176,108,2017,1772822.0,29373478.0
3311,14,34,108,2017,147183.0,0.0
3312,14,47,108,2017,0.0,7298.0
3313,14,133,108,2017,9752.0,7262.0
3314,14,156,108,2017,82087.0,0.0
3315,14,196,108,2017,0.0,1190.0
3316,14,165,108,2017,120998.0,0.0
3317,14,62,108,2017,0.0,1146855.0
3318,14,199,108,2017,31079.0,0.0
3319,14,158,108,2017,13825.0,0.0
3320,14,240,108,2017,44149.0,47184.0
3321,14,182,108,2017,71531.0,1957.0
3322,14,195,108,2017,217732.0,0.0
3323,14,75,108,2017,1056526.0,90776.0
3324,14,48,108,2017,3887.0,0.0
3325,14,119,108,2017,31700.0,0.0
3326,14,137,108,2017,216173.0,0.0
3327,14,95,108,2017,6079.0,0.0
3328,14,56,108,2017,12520.0,0.0
3329,14,7,130,2017,13146226.0,30970605.0
3330,14,8,130,2017,4525320.0,165575.0
3331,14,15,130,2017,5948.0,104373.0
3332,14,18,130,2017,1673.0,24116416.0
3333,14,23,130,2017,528501.0,0.0
3334,14,24,130,2017,3177.0,13352194.0
3335,14,32,130,2017,3691748.0,1609.0
3336,14,33,130,2017,8847.0,0.0
3337,14,39,130,2017,1235017.0,11759664.0
3338,14,41,130,2017,0.0,491456.0
3339,14,42,130,2017,128763.0,1978794.0
3340,14,43,130,2017,857599.0,332764988.0
3341,14,49,130,2017,0.0,102867.0
3342,14,52,130,2017,171344.0,0.0
3343,14,61,130,2017,7917.0,24709348.0
3344,14,67,130,2017,47864.0,0.0
3345,14,71,130,2017,709036.0,802919.0
3346,14,74,130,2017,0.0,353296.0
3347,14,77,130,2017,30982.0,165134.0
3348,14,81,130,2017,903744.0,2647280.0
3349,14,90,130,2017,295566.0,480942.0
3350,14,97,130,2017,144291.0,1272647.0
3351,14,103,130,2017,28362383.0,24721506.0
3352,14,104,130,2017,1292178.0,524878.0
3353,14,106,130,2017,41222.0,97749.0
3354,14,111,130,2017,149426.0,1762103.0
3355,14,113,130,2017,0.0,1107382.0
3356,14,114,130,2017,1451739.0,1058110.0
3357,14,118,130,2017,215901.0,0.0
3358,14,121,130,2017,421919.0,16591069.0
3359,14,122,130,2017,0.0,26729896.0
3360,14,130,130,2017,0.0,6215015.0
3361,14,138,130,2017,9885574.0,11399845.0
3362,14,153,130,2017,12718856.0,65991264.0
3363,14,160,130,2017,17827.0,0.0
3364,14,162,130,2017,238340.0,13550041.0
3365,14,163,130,2017,0.0,5818321.0
3366,14,166,130,2017,15283573.0,1011646.0
3367,14,169,130,2017,21385.0,0.0
3368,14,173,130,2017,0.0,200657.0
3369,14,174,130,2017,672050.0,927306.0
3370,14,177,130,2017,0.0,60528.0
3371,14,179,130,2017,0.0,915582.0
3372,14,188,130,2017,337381.0,93711991.0
3373,14,192,130,2017,242758.0,663464.0
3374,14,206,130,2017,0.0,33027.0
3375,14,207,130,2017,15705.0,0.0
3376,14,208,130,2017,26294.0,4750967.0
3377,14,216,130,2017,40308267.0,8726087.0
3378,14,224,130,2017,143838.0,252302.0
3379,14,230,130,2017,663191.0,0.0
3380,14,231,130,2017,23718718.0,215482101.0
3381,14,246,130,2017,1458449.0,881933.0
3382,14,249,130,2017,192824.0,5211430.0
3383,14,59,130,2017,42693.0,1330596.0
3384,14,168,130,2017,75043048.0,0.0
3385,14,107,130,2017,539978.0,0.0
3386,14,110,130,2017,47309.0,15543515.0
3387,14,128,130,2017,42180.0,16319.0
3388,14,183,130,2017,46711.0,88058232.0
3389,14,73,130,2017,12876.0,0.0
3390,14,185,130,2017,75699.0,0.0
3391,14,186,130,2017,28782.0,3780902.0
3392,14,145,130,2017,3225.0,0.0
3393,14,134,130,2017,201397.0,9038484.0
3394,14,239,130,2017,15082822.0,853476.0
3395,14,22,130,2017,75702.0,0.0
3396,14,142,130,2017,22240.0,0.0
3397,14,143,130,2017,7114.0,0.0
3398,14,28,130,2017,0.0,1843438.0
3399,14,68,130,2017,78321.0,1305230.0
3400,14,116,130,2017,100930.0,0.0
3401,14,132,130,2017,0.0,373709.0
3402,14,147,130,2017,22530.0,0.0
3403,14,151,130,2017,32127.0,212933.0
3404,14,152,130,2017,8011.0,0.0
3405,14,167,130,2017,2010.0,37636214.0
3406,14,248,130,2017,26018.0,0.0
3407,14,9,130,2017,561.0,0.0
3408,14,141,130,2017,6477.0,0.0
3409,14,220,130,2017,7387.0,0.0
3410,14,176,130,2017,8101338.0,0.0
3411,14,156,130,2017,1004403.0,15896.0
3412,14,247,130,2017,70466.0,0.0
3413,14,158,130,2017,1535.0,0.0
3414,14,240,130,2017,3825.0,0.0
3415,14,182,130,2017,70785.0,0.0
3416,14,195,130,2017,19140.0,0.0
3417,14,75,130,2017,275253.0,0.0
3418,14,48,130,2017,1662.0,0.0
3419,14,137,130,2017,26048.0,0.0
3420,14,56,130,2017,14346.0,0.0
3421,14,7,132,2017,9696588.0,3895050.0
3422,14,8,132,2017,116520.0,455050.0
3423,14,15,132,2017,116234.0,2405880.0
3424,14,18,132,2017,856453.0,17033671.0
3425,14,23,132,2017,23608.0,1139871.0
3426,14,24,132,2017,950051.0,1285.0
3427,14,32,132,2017,728615.0,5929477.0
3428,14,33,132,2017,0.0,14181.0
3429,14,39,132,2017,7849086.0,21136420.0
3430,14,41,132,2017,3073927.0,17834270.0
3431,14,42,132,2017,186253.0,143880.0
3432,14,43,132,2017,83756205.0,107747138.0
3433,14,49,132,2017,516739.0,1250.0
3434,14,52,132,2017,48804.0,0.0
3435,14,58,132,2017,235703.0,0.0
3436,14,61,132,2017,6858171.0,87740666.0
3437,14,64,132,2017,2351917.0,1444396.0
3438,14,65,132,2017,12097.0,359777.0
3439,14,67,132,2017,68255.0,17172.0
3440,14,71,132,2017,1191559.0,48498232.0
3441,14,74,132,2017,332419.0,64059.0
3442,14,77,132,2017,4879303.0,153471302.0
3443,14,81,132,2017,34252268.0,78571403.0
3444,14,90,132,2017,537769.0,1069007.0
3445,14,93,132,2017,17675.0,25998.0
3446,14,97,132,2017,67961860.0,5291939.0
3447,14,99,132,2017,7612.0,0.0
3448,14,102,132,2017,28350.0,3656119.0
3449,14,103,132,2017,8913160.0,3673007.0
3450,14,104,132,2017,3426764.0,29698550.0
3451,14,106,132,2017,1454582.0,7008745.0
3452,14,111,132,2017,1358518.0,46156945.0
3453,14,112,132,2017,0.0,6841.0
3454,14,113,132,2017,426728.0,31980.0
3455,14,114,132,2017,13707291.0,16319624.0
3456,14,118,132,2017,316393.0,0.0
3457,14,121,132,2017,20010832.0,23368577.0
3458,14,122,132,2017,2362450.0,22319.0
3459,14,130,132,2017,183298.0,41425.0
3460,14,138,132,2017,237408.0,6236607.0
3461,14,153,132,2017,11268183.0,9386723.0
3462,14,160,132,2017,1364.0,0.0
3463,14,162,132,2017,8486312.0,22670749.0
3464,14,163,132,2017,697152.0,39118.0
3465,14,166,132,2017,168258189.0,47568503.0
3466,14,169,132,2017,37832.0,1396.0
3467,14,173,132,2017,0.0,13624.0
3468,14,174,132,2017,6239954.0,7088621.0
3469,14,177,132,2017,415046.0,7952814.0
3470,14,179,132,2017,4419.0,988820.0
3471,14,180,132,2017,2478.0,69583.0
3472,14,188,132,2017,17155559.0,64567.0
3473,14,190,132,2017,429619.0,0.0
3474,14,192,132,2017,22571454.0,68948770.0
3475,14,197,132,2017,21252.0,0.0
3476,14,205,132,2017,5963.0,0.0
3477,14,206,132,2017,40040.0,902146.0
3478,14,207,132,2017,62356.0,773459.0
3479,14,208,132,2017,1061519.0,1281188.0
3480,14,216,132,2017,11993751.0,124207929.0
3481,14,222,132,2017,4517.0,2610629.0
3482,14,224,132,2017,300363.0,1029998.0
3483,14,230,132,2017,0.0,3803677.0
3484,14,231,132,2017,60450042.0,569098939.0
3485,14,236,132,2017,30362.0,0.0
3486,14,246,132,2017,1292034.0,9605108.0
3487,14,249,132,2017,12408885.0,9039530.0
3488,14,250,132,2017,89014.0,0.0
3489,14,29,132,2017,0.0,7653.0
3490,14,59,132,2017,778538.0,816558.0
3491,14,124,132,2017,167527.0,406704.0
3492,14,131,132,2017,7803.0,1136212.0
3493,14,168,132,2017,968280.0,154016.0
3494,14,25,132,2017,0.0,5327.0
3495,14,107,132,2017,428343.0,271693.0
3496,14,110,132,2017,1050792.0,5830915.0
3497,14,115,132,2017,68302.0,0.0
3498,14,128,132,2017,1088160.0,223657.0
3499,14,183,132,2017,826694.0,0.0
3500,14,228,132,2017,26492.0,64537.0
3501,14,54,132,2017,0.0,54090.0
3502,14,73,132,2017,641.0,9096.0
3503,14,185,132,2017,24571.0,171857.0
3504,14,186,132,2017,743411.0,75375.0
3505,14,31,132,2017,5264.0,0.0
3506,14,145,132,2017,12241.0,0.0
3507,14,226,132,2017,49443.0,2374.0
3508,14,44,132,2017,0.0,9005.0
3509,14,140,132,2017,6088.0,9134.0
3510,14,134,132,2017,55446.0,423929.0
3511,14,239,132,2017,5228692.0,1243486.0
3512,14,22,132,2017,509666.0,0.0
3513,14,159,132,2017,1581.0,14304.0
3514,14,142,132,2017,58125.0,10413.0
3515,14,72,132,2017,127375.0,194243.0
3516,14,181,132,2017,14506.0,0.0
3517,14,143,132,2017,211713.0,5886.0
3518,14,16,132,2017,7210.0,0.0
3519,14,10,132,2017,329018.0,0.0
3520,14,26,132,2017,5072.0,10351.0
3521,14,28,132,2017,4235.0,0.0
3522,14,68,132,2017,35423.0,428873.0
3523,14,82,132,2017,46329.0,208516.0
3524,14,100,132,2017,18449.0,56259.0
3525,14,108,132,2017,76848.0,0.0
3526,14,116,132,2017,80214.0,16832.0
3527,14,132,132,2017,118797.0,70823.0
3528,14,135,132,2017,1679.0,0.0
3529,14,151,132,2017,159244.0,0.0
3530,14,164,132,2017,241274.0,38545.0
3531,14,167,132,2017,299452.0,6947.0
3532,14,201,132,2017,12233.0,60236.0
3533,14,209,132,2017,0.0,12506.0
3534,14,223,132,2017,11507.0,86670.0
3535,14,211,132,2017,47770.0,0.0
3536,14,227,132,2017,0.0,5112.0
3537,14,4,132,2017,100357.0,21837.0
3538,14,9,132,2017,1350.0,0.0
3539,14,83,132,2017,0.0,9351.0
3540,14,139,132,2017,8795.0,0.0
3541,14,242,132,2017,407877.0,1961.0
3542,14,109,132,2017,153453.0,58668.0
3543,14,136,132,2017,0.0,66126.0
3544,14,220,132,2017,83514.0,0.0
3545,14,176,132,2017,4054030.0,0.0
3546,14,34,132,2017,267561.0,0.0
3547,14,133,132,2017,452501.0,0.0
3548,14,156,132,2017,642566.0,9125.0
3549,14,196,132,2017,0.0,1102.0
3550,14,215,132,2017,18544.0,0.0
3551,14,241,132,2017,78773.0,0.0
3552,14,247,132,2017,2266.0,758.0
3553,14,35,132,2017,3618.0,0.0
3554,14,57,132,2017,0.0,1392.0
3555,14,165,132,2017,48306.0,0.0
3556,14,194,132,2017,2250.0,0.0
3557,14,101,132,2017,0.0,3738.0
3558,14,158,132,2017,62623.0,0.0
3559,14,240,132,2017,407024.0,0.0
3560,14,182,132,2017,293561.0,1466.0
3561,14,195,132,2017,504171.0,0.0
3562,14,75,132,2017,6380763.0,374894.0
3563,14,175,132,2017,2338.0,0.0
3564,14,48,132,2017,177910.0,0.0
3565,14,119,132,2017,11365.0,0.0
3566,14,79,132,2017,23155.0,0.0
3567,14,137,132,2017,184409.0,0.0
3568,14,95,132,2017,19452.0,10987.0
3569,14,221,132,2017,114607.0,0.0
3570,14,225,132,2017,17323.0,0.0
3571,14,56,132,2017,2218.0,0.0
3572,14,1,138,2017,32508.0,0.0
3573,14,7,138,2017,7364444.0,9428574.0
3574,14,8,138,2017,390692.0,3635675.0
3575,14,15,138,2017,444643.0,19272951.0
3576,14,18,138,2017,6531101.0,46303161.0
3577,14,23,138,2017,35432.0,609678.0
3578,14,24,138,2017,311051.0,1884.0
3579,14,32,138,2017,1865604.0,9175553.0
3580,14,33,138,2017,3919.0,0.0
3581,14,39,138,2017,13264564.0,24983081.0
3582,14,41,138,2017,1162048.0,20749062.0
3583,14,42,138,2017,3129108.0,247936.0
3584,14,43,138,2017,157407300.0,1785109091.0
3585,14,49,138,2017,588866.0,686029.0
3586,14,52,138,2017,588933.0,848161.0
3587,14,58,138,2017,29530.0,580344.0
3588,14,61,138,2017,7023429.0,299386858.0
3589,14,64,138,2017,415878.0,13038743.0
3590,14,65,138,2017,401017.0,3003490.0
3591,14,67,138,2017,333068.0,266269.0
3592,14,71,138,2017,2333544.0,40865533.0
3593,14,74,138,2017,101238.0,6308834.0
3594,14,77,138,2017,3362997.0,65993763.0
3595,14,81,138,2017,34840372.0,141861478.0
3596,14,90,138,2017,261801.0,11757409.0
3597,14,93,138,2017,291080.0,78735.0
3598,14,96,138,2017,36539.0,0.0
3599,14,97,138,2017,20475772.0,17842982.0
3600,14,99,138,2017,9827.0,4239.0
3601,14,102,138,2017,38441.0,6272569.0
3602,14,103,138,2017,44061662.0,118867946.0
3603,14,104,138,2017,6894152.0,56707352.0
3604,14,106,138,2017,2587521.0,9772540.0
3605,14,111,138,2017,1482008.0,102196690.0
3606,14,112,138,2017,88530.0,0.0
3607,14,113,138,2017,1021188.0,57050.0
3608,14,114,138,2017,32318804.0,79831849.0
3609,14,118,138,2017,33284.0,343035.0
3610,14,121,138,2017,9619924.0,258144094.0
3611,14,122,138,2017,340425.0,1394.0
3612,14,130,138,2017,69385.0,2019965.0
3613,14,138,138,2017,7829475.0,9444477.0
3614,14,153,138,2017,30144194.0,292572774.0
3615,14,160,138,2017,98823.0,1409.0
3616,14,162,138,2017,4016684.0,68380384.0
3617,14,163,138,2017,535862.0,4405433.0
3618,14,166,138,2017,231428907.0,173411090.0
3619,14,169,138,2017,29500824.0,32633.0
3620,14,173,138,2017,366161.0,52975.0
3621,14,174,138,2017,6612394.0,8009650.0
3622,14,177,138,2017,2064307.0,10650515.0
3623,14,179,138,2017,334111.0,3889850.0
3624,14,180,138,2017,10203.0,0.0
3625,14,188,138,2017,1449834.0,16100295.0
3626,14,190,138,2017,176372.0,0.0
3627,14,192,138,2017,18906444.0,157300855.0
3628,14,197,138,2017,90537.0,701922.0
3629,14,205,138,2017,12730.0,24738.0
3630,14,206,138,2017,47467.0,1672438.0
3631,14,207,138,2017,73741.0,909120.0
3632,14,208,138,2017,966706.0,22079816.0
3633,14,216,138,2017,31259774.0,523173319.0
3634,14,222,138,2017,34515.0,0.0
3635,14,224,138,2017,744393.0,14016209.0
3636,14,230,138,2017,111890.0,1436297.0
3637,14,231,138,2017,48496459.0,554706327.0
3638,14,246,138,2017,8901745.0,12421791.0
3639,14,249,138,2017,5116247.0,270592401.0
3640,14,250,138,2017,166522.0,0.0
3641,14,59,138,2017,687958.0,11097664.0
3642,14,124,138,2017,143757.0,179555.0
3643,14,131,138,2017,6399.0,1975334.0
3644,14,168,138,2017,511655.0,1271856.0
3645,14,2,138,2017,78356.0,0.0
3646,14,107,138,2017,197165.0,282802.0
3647,14,110,138,2017,10355726.0,53848424.0
3648,14,115,138,2017,559243.0,721.0
3649,14,128,138,2017,824542.0,328815.0
3650,14,183,138,2017,1402203.0,8185843.0
3651,14,212,138,2017,0.0,1960.0
3652,14,228,138,2017,197224.0,782827.0
3653,14,73,138,2017,224633.0,0.0
3654,14,185,138,2017,257511.0,1039877.0
3655,14,186,138,2017,1895278.0,180158.0
3656,14,31,138,2017,31243.0,0.0
3657,14,145,138,2017,843814.0,3316.0
3658,14,226,138,2017,619353.0,0.0
3659,14,44,138,2017,634095.0,1092.0
3660,14,140,138,2017,851.0,2940.0
3661,14,134,138,2017,139783.0,70516.0
3662,14,85,138,2017,2099.0,0.0
3663,14,239,138,2017,65742088.0,49332358.0
3664,14,22,138,2017,2139634.0,501894.0
3665,14,159,138,2017,127475.0,0.0
3666,14,142,138,2017,36890.0,24827.0
3667,14,237,138,2017,0.0,57960.0
3668,14,72,138,2017,66122.0,259820.0
3669,14,19,138,2017,24412.0,0.0
3670,14,181,138,2017,3329.0,0.0
3671,14,234,138,2017,3242.0,0.0
3672,14,123,138,2017,252866.0,2254.0
3673,14,143,138,2017,523734.0,1116659.0
3674,14,191,138,2017,854271.0,2126.0
3675,14,120,138,2017,1485.0,0.0
3676,14,16,138,2017,22071.0,0.0
3677,14,30,138,2017,608.0,0.0
3678,14,80,138,2017,2249.0,0.0
3679,14,10,138,2017,109869.0,0.0
3680,14,26,138,2017,788.0,12556.0
3681,14,28,138,2017,17130.0,8255.0
3682,14,68,138,2017,452934.0,253267.0
3683,14,82,138,2017,4787.0,2381.0
3684,14,100,138,2017,8923.0,323055.0
3685,14,108,138,2017,155738.0,0.0
3686,14,116,138,2017,1207797.0,124342.0
3687,14,117,138,2017,2683.0,3405.0
3688,14,132,138,2017,234940.0,67886.0
3689,14,135,138,2017,1140.0,1520.0
3690,14,147,138,2017,243588.0,1039.0
3691,14,151,138,2017,112365.0,11616.0
3692,14,152,138,2017,3513.0,0.0
3693,14,164,138,2017,170235.0,0.0
3694,14,167,138,2017,260655.0,3932900.0
3695,14,187,138,2017,0.0,6992.0
3696,14,201,138,2017,38390.0,169861.0
3697,14,209,138,2017,0.0,5469.0
3698,14,223,138,2017,19701.0,168945.0
3699,14,38,138,2017,15662.0,0.0
3700,14,211,138,2017,15933.0,5389.0
3701,14,4,138,2017,68641.0,0.0
3702,14,144,138,2017,0.0,21955.0
3703,14,248,138,2017,12268.0,0.0
3704,14,9,138,2017,7911.0,0.0
3705,14,66,138,2017,23580.0,2594.0
3706,14,17,138,2017,12142.0,0.0
3707,14,83,138,2017,879310.0,0.0
3708,14,46,138,2017,20441.0,0.0
3709,14,242,138,2017,366605.0,4738.0
3710,14,141,138,2017,195969.0,808.0
3711,14,148,138,2017,247767.0,0.0
3712,14,109,138,2017,42762.0,2325.0
3713,14,136,138,2017,447631.0,0.0
3714,14,220,138,2017,299601.0,11261.0
3715,14,176,138,2017,29070946.0,4613.0
3716,14,34,138,2017,83912.0,42896.0
3717,14,37,138,2017,0.0,2579.0
3718,14,45,138,2017,1646.0,0.0
3719,14,47,138,2017,3982.0,0.0
3720,14,51,138,2017,0.0,3643.0
3721,14,92,138,2017,7034.0,0.0
3722,14,125,138,2017,9693.0,0.0
3723,14,126,138,2017,4742.0,0.0
3724,14,133,138,2017,98406.0,11992.0
3725,14,155,138,2017,6194.0,1605.0
3726,14,156,138,2017,3530535.0,6451.0
3727,14,157,138,2017,1320.0,17575.0
3728,14,196,138,2017,61617.0,44495.0
3729,14,215,138,2017,54991.0,0.0
3730,14,241,138,2017,41860.0,0.0
3731,14,247,138,2017,107194.0,0.0
3732,14,5,138,2017,0.0,5383.0
3733,14,40,138,2017,143344.0,0.0
3734,14,57,138,2017,0.0,71029.0
3735,14,165,138,2017,922092.0,28869.0
3736,14,21,138,2017,221247.0,0.0
3737,14,62,138,2017,0.0,1380.0
3738,14,69,138,2017,62426.0,0.0
3739,14,158,138,2017,82872.0,0.0
3740,14,240,138,2017,1871494.0,5539.0
3741,14,182,138,2017,1237863.0,0.0
3742,14,195,138,2017,1289641.0,0.0
3743,14,75,138,2017,10952155.0,594756.0
3744,14,175,138,2017,1342.0,0.0
3745,14,76,138,2017,130736.0,0.0
3746,14,48,138,2017,32465.0,0.0
3747,14,119,138,2017,669632.0,0.0
3748,14,79,138,2017,19577.0,0.0
3749,14,137,138,2017,164982.0,0.0
3750,14,95,138,2017,8444.0,0.0
3751,14,146,138,2017,2212.0,0.0
3752,14,221,138,2017,25195.0,0.0
3753,14,225,138,2017,1996.0,1683.0
3754,14,56,138,2017,348888.0,64260.0
3755,14,161,138,2017,1631.0,0.0
3756,14,7,139,2017,1148764.0,4967935.0
3757,14,8,139,2017,33596.0,315186.0
3758,14,15,139,2017,75518.0,1417104.0
3759,14,18,139,2017,5995021.0,8963474.0
3760,14,23,139,2017,2002.0,191274.0
3761,14,24,139,2017,108527.0,13488.0
3762,14,32,139,2017,2556691.0,12261897.0
3763,14,33,139,2017,463.0,0.0
3764,14,39,139,2017,1654923.0,6207173.0
3765,14,41,139,2017,150155.0,2720211.0
3766,14,42,139,2017,2709626.0,352906.0
3767,14,43,139,2017,8311267.0,594141596.0
3768,14,49,139,2017,323652.0,25136.0
3769,14,52,139,2017,17750.0,761385.0
3770,14,58,139,2017,35309.0,0.0
3771,14,61,139,2017,5847715.0,110434937.0
3772,14,64,139,2017,36653.0,2908647.0
3773,14,65,139,2017,136993.0,0.0
3774,14,67,139,2017,25546.0,10032.0
3775,14,71,139,2017,909982.0,56844442.0
3776,14,74,139,2017,178276.0,2500650.0
3777,14,77,139,2017,702546.0,36043623.0
3778,14,81,139,2017,3042073.0,26191685.0
3779,14,90,139,2017,19359.0,322764.0
3780,14,93,139,2017,43707.0,73265.0
3781,14,96,139,2017,11345.0,0.0
3782,14,97,139,2017,9605680.0,3248184.0
3783,14,99,139,2017,100893.0,0.0
3784,14,102,139,2017,75538.0,2827531.0
3785,14,103,139,2017,4968380.0,78058204.0
3786,14,104,139,2017,5740392.0,54833738.0
3787,14,106,139,2017,7160.0,289315.0
3788,14,111,139,2017,631777.0,30687279.0
3789,14,112,139,2017,185666.0,43127.0
3790,14,113,139,2017,3040.0,175414.0
3791,14,114,139,2017,2116824.0,540443235.0
3792,14,118,139,2017,24256.0,117652.0
3793,14,121,139,2017,2762066.0,100811735.0
3794,14,122,139,2017,135198.0,83547.0
3795,14,130,139,2017,56791.0,252042.0
3796,14,138,139,2017,684100.0,7272188.0
3797,14,153,139,2017,2914486.0,133478288.0
3798,14,160,139,2017,42769.0,0.0
3799,14,162,139,2017,18479901.0,27298614.0
3800,14,163,139,2017,49194.0,880709.0
3801,14,166,139,2017,48583455.0,11931508.0
3802,14,169,139,2017,331087.0,1428468.0
3803,14,173,139,2017,131466.0,81019.0
3804,14,174,139,2017,1793008.0,4109464.0
3805,14,177,139,2017,80057.0,7031149.0
3806,14,179,139,2017,245676.0,2446366.0
3807,14,180,139,2017,87210.0,1583.0
3808,14,188,139,2017,2129958.0,697422.0
3809,14,190,139,2017,40513.0,0.0
3810,14,192,139,2017,10266095.0,16476339.0
3811,14,197,139,2017,221529.0,0.0
3812,14,205,139,2017,1028.0,1029.0
3813,14,206,139,2017,2279.0,2268798.0
3814,14,207,139,2017,35675.0,1805290.0
3815,14,208,139,2017,374896.0,15035788.0
3816,14,216,139,2017,5882946.0,248506988.0
3817,14,222,139,2017,2566.0,0.0
3818,14,224,139,2017,38746.0,13322707.0
3819,14,230,139,2017,93515.0,0.0
3820,14,231,139,2017,13197751.0,400812345.0
3821,14,236,139,2017,0.0,1479.0
3822,14,246,139,2017,2508744.0,7673300.0
3823,14,249,139,2017,511977.0,45414983.0
3824,14,250,139,2017,286962.0,0.0
3825,14,29,139,2017,20353.0,0.0
3826,14,59,139,2017,44500.0,7364594.0
3827,14,124,139,2017,123168.0,837167.0
3828,14,131,139,2017,49261.0,4180332.0
3829,14,168,139,2017,157112.0,159781.0
3830,14,2,139,2017,2000.0,613.0
3831,14,107,139,2017,630888.0,164011.0
3832,14,110,139,2017,1482917.0,4252337.0
3833,14,115,139,2017,135428.0,0.0
3834,14,128,139,2017,92473.0,20944763.0
3835,14,183,139,2017,171514.0,0.0
3836,14,228,139,2017,35838.0,11922.0
3837,14,54,139,2017,19438.0,0.0
3838,14,73,139,2017,5227.0,0.0
3839,14,185,139,2017,28205.0,7518726.0
3840,14,186,139,2017,196680.0,388585.0
3841,14,31,139,2017,12765.0,0.0
3842,14,145,139,2017,560421.0,149684.0
3843,14,226,139,2017,155081.0,0.0
3844,14,44,139,2017,624672.0,0.0
3845,14,140,139,2017,789.0,0.0
3846,14,134,139,2017,42674.0,0.0
3847,14,85,139,2017,242573.0,0.0
3848,14,239,139,2017,3240689.0,29805049.0
3849,14,22,139,2017,32775.0,26072.0
3850,14,159,139,2017,672904.0,0.0
3851,14,142,139,2017,15853.0,43555.0
3852,14,237,139,2017,0.0,3581950.0
3853,14,72,139,2017,238348.0,249882.0
3854,14,123,139,2017,377310.0,9308.0
3855,14,143,139,2017,84772.0,493727.0
3856,14,191,139,2017,431287.0,2705.0
3857,14,16,139,2017,3109.0,0.0
3858,14,80,139,2017,10306.0,0.0
3859,14,10,139,2017,11895.0,0.0
3860,14,26,139,2017,422.0,0.0
3861,14,28,139,2017,836.0,56184.0
3862,14,68,139,2017,834614.0,51554.0
3863,14,82,139,2017,14288.0,1466.0
3864,14,100,139,2017,0.0,36799.0
3865,14,116,139,2017,454296.0,1662.0
3866,14,117,139,2017,25430.0,7259.0
3867,14,132,139,2017,172563.0,40651.0
3868,14,147,139,2017,214824.0,0.0
3869,14,151,139,2017,13708.0,42137.0
3870,14,152,139,2017,1748.0,0.0
3871,14,164,139,2017,4799.0,0.0
3872,14,167,139,2017,193577.0,11738.0
3873,14,201,139,2017,5297.0,43728.0
3874,14,219,139,2017,4895.0,0.0
3875,14,223,139,2017,0.0,7975.0
3876,14,232,139,2017,1758.0,0.0
3877,14,211,139,2017,1777.0,0.0
3878,14,248,139,2017,6699.0,0.0
3879,14,9,139,2017,53817.0,0.0
3880,14,66,139,2017,4766.0,0.0
3881,14,83,139,2017,1093852.0,304.0
3882,14,46,139,2017,16019.0,0.0
3883,14,242,139,2017,238639.0,0.0
3884,14,141,139,2017,129347.0,949.0
3885,14,148,139,2017,32100.0,0.0
3886,14,109,139,2017,118509.0,2026.0
3887,14,136,139,2017,109276.0,1152.0
3888,14,220,139,2017,107202.0,2277.0
3889,14,176,139,2017,20854716.0,121231.0
3890,14,34,139,2017,130297.0,116955.0
3891,14,214,139,2017,1128.0,0.0
3892,14,37,139,2017,46049.0,0.0
3893,14,45,139,2017,1413.0,3926.0
3894,14,47,139,2017,140288.0,0.0
3895,14,51,139,2017,0.0,30866.0
3896,14,125,139,2017,84004.0,0.0
3897,14,133,139,2017,9243.0,8276.0
3898,14,155,139,2017,217808.0,2490.0
3899,14,156,139,2017,3666386.0,9677.0
3900,14,157,139,2017,0.0,9163.0
3901,14,196,139,2017,23728.0,8896.0
3902,14,215,139,2017,29834.0,0.0
3903,14,241,139,2017,27933.0,0.0
3904,14,247,139,2017,334512.0,0.0
3905,14,35,139,2017,0.0,2436.0
3906,14,40,139,2017,55485.0,0.0
3907,14,165,139,2017,220151.0,0.0
3908,14,21,139,2017,49677.0,0.0
3909,14,62,139,2017,215490.0,0.0
3910,14,158,139,2017,16458.0,0.0
3911,14,240,139,2017,306639.0,0.0
3912,14,182,139,2017,197351.0,0.0
3913,14,195,139,2017,317306.0,0.0
3914,14,75,139,2017,1727155.0,34207.0
3915,14,175,139,2017,13937.0,0.0
3916,14,48,139,2017,39047.0,0.0
3917,14,119,139,2017,29149.0,0.0
3918,14,3,139,2017,0.0,127883.0
3919,14,137,139,2017,60742.0,0.0
3920,14,95,139,2017,16743.0,0.0
3921,14,146,139,2017,11419.0,0.0
3922,14,221,139,2017,163833.0,0.0
3923,14,225,139,2017,70204.0,0.0
3924,14,56,139,2017,231409.0,0.0
3925,14,7,160,2017,1421207.0,456257.0
3926,14,8,160,2017,0.0,28153.0
3927,14,15,160,2017,99013.0,1337137.0
3928,14,18,160,2017,749506.0,656719.0
3929,14,23,160,2017,1317.0,1312444.0
3930,14,24,160,2017,19652.0,0.0
3931,14,32,160,2017,56896.0,1037795.0
3932,14,33,160,2017,2743.0,0.0
3933,14,39,160,2017,928612.0,5739200.0
3934,14,41,160,2017,433613.0,2093318.0
3935,14,42,160,2017,189413.0,13705.0
3936,14,43,160,2017,2547646.0,1734874912.0
3937,14,49,160,2017,24790.0,738426.0
3938,14,52,160,2017,5015.0,2955964.0
3939,14,58,160,2017,23232.0,62681.0
3940,14,61,160,2017,746787.0,20797188.0
3941,14,64,160,2017,120694.0,1519807.0
3942,14,65,160,2017,0.0,801262.0
3943,14,67,160,2017,0.0,11501.0
3944,14,71,160,2017,172979.0,20825395.0
3945,14,74,160,2017,317105.0,295309.0
3946,14,77,160,2017,682767.0,12823133.0
3947,14,81,160,2017,4542897.0,47501942.0
3948,14,90,160,2017,20823.0,390399.0
3949,14,93,160,2017,0.0,1085226.0
3950,14,96,160,2017,0.0,19711.0
3951,14,97,160,2017,4097295.0,15942590.0
3952,14,99,160,2017,20948.0,4348166.0
3953,14,102,160,2017,5948.0,245930.0
3954,14,103,160,2017,373660.0,63375230.0
3955,14,104,160,2017,43753.0,73044562.0
3956,14,106,160,2017,220905.0,84538.0
3957,14,111,160,2017,214763.0,37360798.0
3958,14,113,160,2017,47802.0,4421848.0
3959,14,114,160,2017,856676.0,2329403.0
3960,14,118,160,2017,3970.0,68368135.0
3961,14,121,160,2017,709774.0,4822626.0
3962,14,122,160,2017,166294.0,74612.0
3963,14,130,160,2017,8698.0,413798.0
3964,14,138,160,2017,261575.0,6569424.0
3965,14,153,160,2017,245077.0,17807010.0
3966,14,160,160,2017,0.0,2718941.0
3967,14,162,160,2017,864727.0,5013336.0
3968,14,163,160,2017,51846.0,291770.0
3969,14,166,160,2017,25657024.0,40220737.0
3970,14,169,160,2017,37765.0,9844.0
3971,14,173,160,2017,4445.0,6119292.0
3972,14,174,160,2017,184051.0,4032693.0
3973,14,177,160,2017,172919.0,1660220.0
3974,14,179,160,2017,58751.0,6053400.0
3975,14,180,160,2017,0.0,1603.0
3976,14,188,160,2017,60887.0,0.0
3977,14,192,160,2017,2603387.0,7348626.0
3978,14,197,160,2017,0.0,1675315.0
3979,14,205,160,2017,0.0,2533.0
3980,14,206,160,2017,4271.0,258468.0
3981,14,207,160,2017,2034.0,122529.0
3982,14,208,160,2017,433670.0,3407665.0
3983,14,216,160,2017,723417.0,31304356.0
3984,14,222,160,2017,1592.0,0.0
3985,14,224,160,2017,102768.0,13626735.0
3986,14,230,160,2017,3317.0,24081.0
3987,14,231,160,2017,5814193.0,52623602.0
3988,14,236,160,2017,0.0,1015.0
3989,14,246,160,2017,520152.0,1873264.0
3990,14,249,160,2017,184577.0,5225909.0
3991,14,250,160,2017,56107.0,0.0
3992,14,29,160,2017,0.0,15102.0
3993,14,59,160,2017,32485.0,197879.0
3994,14,124,160,2017,64126.0,23169.0
3995,14,131,160,2017,2750.0,98150.0
3996,14,168,160,2017,0.0,20098589.0
3997,14,2,160,2017,400.0,0.0
3998,14,107,160,2017,0.0,13318.0
3999,14,110,160,2017,1280353.0,1589973.0
4000,14,115,160,2017,36165.0,0.0
4001,14,128,160,2017,565829.0,46929790.0
4002,14,183,160,2017,104593.0,18911.0
4003,14,212,160,2017,14060.0,0.0
4004,14,228,160,2017,6305.0,181431.0
4005,14,13,160,2017,0.0,22915.0
4006,14,73,160,2017,0.0,28289.0
4007,14,185,160,2017,3705.0,1373682.0
4008,14,186,160,2017,36188.0,36302.0
4009,14,31,160,2017,0.0,9414.0
4010,14,145,160,2017,72639.0,16108.0
4011,14,226,160,2017,74974.0,0.0
4012,14,44,160,2017,9937.0,0.0
4013,14,140,160,2017,892.0,45087.0
4014,14,134,160,2017,1984.0,897451.0
4015,14,85,160,2017,3964.0,0.0
4016,14,239,160,2017,99452.0,65830462.0
4017,14,22,160,2017,4030.0,285641106.0
4018,14,159,160,2017,9402.0,0.0
4019,14,142,160,2017,2832.0,1788.0
4020,14,72,160,2017,1253.0,18458.0
4021,14,123,160,2017,9944.0,30137.0
4022,14,143,160,2017,1243.0,2819269.0
4023,14,191,160,2017,1477.0,0.0
4024,14,16,160,2017,17691.0,0.0
4025,14,30,160,2017,612.0,0.0
4026,14,26,160,2017,0.0,91055.0
4027,14,28,160,2017,0.0,14597.0
4028,14,68,160,2017,12238.0,1758978.0
4029,14,82,160,2017,0.0,272427.0
4030,14,100,160,2017,1532.0,227704.0
4031,14,108,160,2017,8060.0,0.0
4032,14,116,160,2017,56321.0,884136.0
4033,14,132,160,2017,29345.0,11011.0
4034,14,135,160,2017,0.0,170956.0
4035,14,147,160,2017,11071.0,0.0
4036,14,151,160,2017,117287.0,1613528.0
4037,14,164,160,2017,0.0,540605.0
4038,14,167,160,2017,3396.0,0.0
4039,14,201,160,2017,0.0,93103.0
4040,14,209,160,2017,0.0,103458.0
4041,14,223,160,2017,0.0,1354639.0
4042,14,38,160,2017,0.0,9651.0
4043,14,211,160,2017,3125.0,0.0
4044,14,227,160,2017,993.0,0.0
4045,14,4,160,2017,0.0,40940.0
4046,14,248,160,2017,596.0,0.0
4047,14,9,160,2017,0.0,2311.0
4048,14,83,160,2017,52357.0,137.0
4049,14,46,160,2017,453.0,0.0
4050,14,242,160,2017,45297.0,25260.0
4051,14,141,160,2017,8833.0,848.0
4052,14,148,160,2017,9744.0,0.0
4053,14,109,160,2017,82273.0,1922.0
4054,14,136,160,2017,0.0,1473651.0
4055,14,220,160,2017,107193.0,692.0
4056,14,176,160,2017,1989718.0,1226.0
4057,14,34,160,2017,5610.0,12492.0
4058,14,45,160,2017,0.0,3529.0
4059,14,89,160,2017,11290.0,0.0
4060,14,133,160,2017,36336.0,233561.0
4061,14,155,160,2017,601.0,988.0
4062,14,156,160,2017,301748.0,14149.0
4063,14,157,160,2017,0.0,1064.0
4064,14,196,160,2017,0.0,83641.0
4065,14,215,160,2017,4040.0,0.0
4066,14,247,160,2017,4667.0,0.0
4067,14,5,160,2017,0.0,8784.0
4068,14,35,160,2017,4241.0,0.0
4069,14,40,160,2017,3497.0,0.0
4070,14,57,160,2017,8187.0,0.0
4071,14,165,160,2017,137705.0,0.0
4072,14,21,160,2017,10857.0,0.0
4073,14,101,160,2017,0.0,1344020.0
4074,14,158,160,2017,33088.0,0.0
4075,14,240,160,2017,144128.0,0.0
4076,14,129,160,2017,0.0,115391.0
4077,14,182,160,2017,202373.0,0.0
4078,14,195,160,2017,166246.0,0.0
4079,14,75,160,2017,675025.0,21674771.0
4080,14,175,160,2017,719.0,0.0
4081,14,48,160,2017,143988.0,0.0
4082,14,119,160,2017,4432.0,0.0
4083,14,137,160,2017,105832.0,1612.0
4084,14,202,160,2017,11496.0,0.0
4085,14,221,160,2017,10542.0,0.0
4086,14,11,160,2017,2052.0,0.0
4087,14,56,160,2017,1639.0,0.0
4088,14,7,187,2017,168550.0,1977271.0
4089,14,15,187,2017,14047.0,29370.0
4090,14,18,187,2017,526249.0,790859.0
4091,14,24,187,2017,1055.0,0.0
4092,14,32,187,2017,85101.0,98401.0
4093,14,33,187,2017,55489.0,136393.0
4094,14,39,187,2017,1946622.0,1009376.0
4095,14,41,187,2017,38739.0,101211.0
4096,14,42,187,2017,2673.0,24335.0
4097,14,43,187,2017,10962185.0,270472582.0
4098,14,49,187,2017,12644.0,480433.0
4099,14,52,187,2017,2343.0,0.0
4100,14,58,187,2017,0.0,584010.0
4101,14,61,187,2017,422684.0,34645709.0
4102,14,64,187,2017,53130500.0,1868213.0
4103,14,65,187,2017,1931.0,0.0
4104,14,71,187,2017,661268.0,3973853.0
4105,14,74,187,2017,3946.0,1669739.0
4106,14,77,187,2017,1944423.0,35350662.0
4107,14,81,187,2017,921310.0,26486106.0
4108,14,90,187,2017,1263631.0,1309407.0
4109,14,97,187,2017,1633954.0,6603164.0
4110,14,102,187,2017,0.0,115494.0
4111,14,103,187,2017,5937912.0,2323631.0
4112,14,104,187,2017,528888.0,977741.0
4113,14,106,187,2017,0.0,48548.0
4114,14,111,187,2017,816349.0,80378465.0
4115,14,113,187,2017,183234.0,0.0
4116,14,114,187,2017,1437151.0,662398.0
4117,14,118,187,2017,6875.0,0.0
4118,14,121,187,2017,4908379.0,9760477930.0
4119,14,122,187,2017,75346.0,0.0
4120,14,130,187,2017,0.0,6850.0
4121,14,138,187,2017,1019281.0,23037250.0
4122,14,153,187,2017,583469.0,27284442.0
4123,14,162,187,2017,3076055.0,24714232.0
4124,14,163,187,2017,529904.0,2770371.0
4125,14,166,187,2017,68033672.0,54380094.0
4126,14,169,187,2017,19563.0,68347.0
4127,14,174,187,2017,721693.0,0.0
4128,14,177,187,2017,1368530.0,4914913.0
4129,14,179,187,2017,0.0,439252.0
4130,14,188,187,2017,522763.0,25934.0
4131,14,192,187,2017,43794963.0,134021544.0
4132,14,206,187,2017,0.0,90147.0
4133,14,207,187,2017,0.0,1207531.0
4134,14,208,187,2017,2248899.0,224371.0
4135,14,216,187,2017,732746.0,5717499.0
4136,14,222,187,2017,3980.0,0.0
4137,14,224,187,2017,693416.0,15212183.0
4138,14,230,187,2017,28139.0,0.0
4139,14,231,187,2017,49558192.0,91939337.0
4140,14,246,187,2017,49267.0,5851420.0
4141,14,249,187,2017,1387028.0,9264776.0
4142,14,250,187,2017,355122.0,0.0
4143,14,59,187,2017,1831.0,136114.0
4144,14,124,187,2017,23442.0,0.0
4145,14,168,187,2017,1965.0,0.0
4146,14,107,187,2017,39047.0,0.0
4147,14,110,187,2017,20463.0,1605.0
4148,14,128,187,2017,212224.0,266424.0
4149,14,183,187,2017,168487.0,0.0
4150,14,228,187,2017,454872.0,2174936.0
4151,14,13,187,2017,49385.0,0.0
4152,14,186,187,2017,48030.0,52592.0
4153,14,145,187,2017,210563.0,0.0
4154,14,226,187,2017,434197.0,0.0
4155,14,140,187,2017,1282.0,0.0
4156,14,239,187,2017,2489755.0,62527453.0
4157,14,159,187,2017,292796.0,0.0
4158,14,142,187,2017,120109.0,8462.0
4159,14,72,187,2017,1997.0,0.0
4160,14,123,187,2017,3647.0,0.0
4161,14,143,187,2017,777811.0,0.0
4162,14,191,187,2017,146572.0,0.0
4163,14,16,187,2017,305295.0,0.0
4164,14,30,187,2017,60618.0,0.0
4165,14,28,187,2017,827.0,0.0
4166,14,68,187,2017,0.0,64910.0
4167,14,82,187,2017,45674.0,0.0
4168,14,100,187,2017,1221631.0,565377.0
4169,14,116,187,2017,18108.0,0.0
4170,14,147,187,2017,22537.0,0.0
4171,14,151,187,2017,6030.0,1550.0
4172,14,167,187,2017,23645.0,0.0
4173,14,201,187,2017,0.0,32859.0
4174,14,223,187,2017,0.0,37005.0
4175,14,211,187,2017,2408194.0,80904.0
4176,14,227,187,2017,1577.0,0.0
4177,14,83,187,2017,26514.0,0.0
4178,14,139,187,2017,47859.0,0.0
4179,14,242,187,2017,25004.0,0.0
4180,14,141,187,2017,27359.0,0.0
4181,14,109,187,2017,23100.0,0.0
4182,14,220,187,2017,110473.0,8893.0
4183,14,176,187,2017,5082555.0,781684.0
4184,14,34,187,2017,7326.0,35674.0
4185,14,156,187,2017,3654254.0,175266.0
4186,14,157,187,2017,0.0,111915.0
4187,14,196,187,2017,0.0,212637.0
4188,14,241,187,2017,76463.0,0.0
4189,14,247,187,2017,4390.0,0.0
4190,14,40,187,2017,232136.0,0.0
4191,14,57,187,2017,0.0,1010083.0
4192,14,165,187,2017,7521.0,0.0
4193,14,158,187,2017,8980.0,0.0
4194,14,240,187,2017,683417.0,0.0
4195,14,182,187,2017,368708.0,106974.0
4196,14,195,187,2017,1014367.0,70135.0
4197,14,75,187,2017,7750745.0,200960.0
4198,14,175,187,2017,4292.0,0.0
4199,14,76,187,2017,3652.0,0.0
4200,14,48,187,2017,70485.0,0.0
4201,14,119,187,2017,7965.0,0.0
4202,14,79,187,2017,4264.0,0.0
4203,14,137,187,2017,8773.0,0.0
4204,14,95,187,2017,49385.0,0.0
4205,14,221,187,2017,171821.0,0.0
4206,14,225,187,2017,64515.0,0.0
4207,14,56,187,2017,69563.0,0.0
4208,14,7,124,2017,26020904.0,275164.0
4209,14,8,124,2017,47225.0,116749.0
4210,14,15,124,2017,682791.0,92334.0
4211,14,18,124,2017,30195276.0,585828.0
4212,14,24,124,2017,162430.0,0.0
4213,14,32,124,2017,659808.0,309146.0
4214,14,39,124,2017,1333186.0,43741977.0
4215,14,41,124,2017,546362.0,63093.0
4216,14,42,124,2017,81451.0,79606.0
4217,14,43,124,2017,740296359.0,50112454.0
4218,14,52,124,2017,14348.0,1461.0
4219,14,58,124,2017,0.0,122787.0
4220,14,61,124,2017,2943656.0,2222412.0
4221,14,64,124,2017,0.0,126790.0
4222,14,67,124,2017,114712.0,0.0
4223,14,71,124,2017,3387762.0,1911889.0
4224,14,74,124,2017,126707.0,564944.0
4225,14,77,124,2017,7053740.0,4245536.0
4226,14,81,124,2017,754100.0,3805720.0
4227,14,90,124,2017,63322.0,1704824.0
4228,14,97,124,2017,151793.0,165107.0
4229,14,99,124,2017,0.0,1342.0
4230,14,102,124,2017,6344.0,0.0
4231,14,103,124,2017,63227009.0,26115571.0
4232,14,104,124,2017,1912017.0,8681847.0
4233,14,106,124,2017,682101.0,11113.0
4234,14,111,124,2017,8402423.0,3117744.0
4235,14,113,124,2017,0.0,1938.0
4236,14,114,124,2017,61308736.0,84903966.0
4237,14,118,124,2017,59610.0,1223.0
4238,14,121,124,2017,46613453.0,724313.0
4239,14,122,124,2017,2327918.0,1089.0
4240,14,130,124,2017,0.0,1334.0
4241,14,138,124,2017,1693624.0,140750.0
4242,14,153,124,2017,49136255.0,21890655.0
4243,14,160,124,2017,1259.0,0.0
4244,14,162,124,2017,23837431.0,1148011.0
4245,14,163,124,2017,576418.0,135812.0
4246,14,166,124,2017,24297247.0,7965803.0
4247,14,169,124,2017,22888.0,0.0
4248,14,173,124,2017,112069.0,1786361.0
4249,14,174,124,2017,22167126.0,20060.0
4250,14,177,124,2017,2308112.0,770539.0
4251,14,179,124,2017,0.0,22982.0
4252,14,188,124,2017,41091770.0,21980.0
4253,14,192,124,2017,2480885.0,1096403.0
4254,14,205,124,2017,17219.0,0.0
4255,14,206,124,2017,71988.0,0.0
4256,14,207,124,2017,1299230.0,0.0
4257,14,208,124,2017,6458.0,639794.0
4258,14,216,124,2017,3072717.0,11160872.0
4259,14,224,124,2017,498964.0,1482113.0
4260,14,231,124,2017,20635737.0,20608607.0
4261,14,246,124,2017,526907.0,5394464.0
4262,14,249,124,2017,37450230.0,8189521.0
4263,14,250,124,2017,7789.0,0.0
4264,14,59,124,2017,1024014.0,72536.0
4265,14,124,124,2017,9672.0,0.0
4266,14,131,124,2017,43819.0,0.0
4267,14,168,124,2017,379736.0,1681972.0
4268,14,107,124,2017,0.0,159934.0
4269,14,110,124,2017,48408.0,637375.0
4270,14,115,124,2017,348624.0,7048.0
4271,14,128,124,2017,4749.0,493159.0
4272,14,183,124,2017,225026.0,12896843.0
4273,14,228,124,2017,38015.0,0.0
4274,14,186,124,2017,2039658.0,0.0
4275,14,31,124,2017,894.0,4123.0
4276,14,145,124,2017,16957.0,0.0
4277,14,226,124,2017,2073.0,20691.0
4278,14,44,124,2017,6069.0,1862.0
4279,14,140,124,2017,3167.0,0.0
4280,14,134,124,2017,631029.0,5205588.0
4281,14,239,124,2017,1614899.0,21563653.0
4282,14,22,124,2017,12476.0,5912.0
4283,14,72,124,2017,46134.0,0.0
4284,14,123,124,2017,3115.0,14724.0
4285,14,143,124,2017,30989.0,0.0
4286,14,191,124,2017,4539.0,0.0
4287,14,16,124,2017,292057.0,0.0
4288,14,10,124,2017,2392.0,0.0
4289,14,26,124,2017,0.0,1254.0
4290,14,28,124,2017,5212.0,0.0
4291,14,68,124,2017,60926.0,113122.0
4292,14,82,124,2017,120381.0,0.0
4293,14,100,124,2017,0.0,246147.0
4294,14,116,124,2017,92605.0,45291.0
4295,14,147,124,2017,0.0,2245.0
4296,14,151,124,2017,0.0,1257.0
4297,14,167,124,2017,140890.0,3597060.0
4298,14,201,124,2017,24227.0,0.0
4299,14,223,124,2017,9199.0,0.0
4300,14,232,124,2017,20106.0,0.0
4301,14,227,124,2017,0.0,91753.0
4302,14,4,124,2017,0.0,4460.0
4303,14,248,124,2017,0.0,70395.0
4304,14,9,124,2017,6434.0,0.0
4305,14,66,124,2017,20885.0,1556482.0
4306,14,83,124,2017,34578.0,153.0
4307,14,46,124,2017,1835426.0,1045.0
4308,14,242,124,2017,11282.0,0.0
4309,14,141,124,2017,1188.0,1441.0
4310,14,109,124,2017,356956.0,3424.0
4311,14,220,124,2017,16451.0,0.0
4312,14,176,124,2017,3654812.0,7939.0
4313,14,34,124,2017,24541.0,0.0
4314,14,45,124,2017,1111823.0,0.0
4315,14,155,124,2017,0.0,153893.0
4316,14,156,124,2017,286732.0,1491.0
4317,14,196,124,2017,23524.0,0.0
4318,14,215,124,2017,0.0,24172135.0
4319,14,247,124,2017,351472.0,3987.0
4320,14,40,124,2017,27507.0,0.0
4321,14,165,124,2017,98339.0,5376649.0
4322,14,21,124,2017,11165.0,1150.0
4323,14,240,124,2017,356501.0,0.0
4324,14,182,124,2017,448327.0,0.0
4325,14,195,124,2017,75033.0,4661.0
4326,14,75,124,2017,521441.0,0.0
4327,14,119,124,2017,2913.0,0.0
4328,14,137,124,2017,45736.0,0.0
4329,14,146,124,2017,2231.0,0.0
4330,14,56,124,2017,25283.0,599118.0
4331,14,7,147,2017,9932946.0,724568.0
4332,14,8,147,2017,69581.0,3859.0
4333,14,15,147,2017,168533.0,30094057.0
4334,14,18,147,2017,131654.0,58948598.0
4335,14,23,147,2017,577878.0,48422.0
4336,14,24,147,2017,155868.0,7767.0
4337,14,32,147,2017,1349961.0,1182005.0
4338,14,33,147,2017,2188.0,0.0
4339,14,39,147,2017,3902798.0,24644422.0
4340,14,41,147,2017,169969.0,2627076.0
4341,14,42,147,2017,2863119.0,4667575.0
4342,14,43,147,2017,92235544.0,666799131.0
4343,14,49,147,2017,314600.0,214253.0
4344,14,52,147,2017,212991.0,33066.0
4345,14,55,147,2017,1768.0,142638.0
4346,14,58,147,2017,338782.0,205577.0
4347,14,61,147,2017,5861722.0,115115557.0
4348,14,64,147,2017,16597.0,12608785.0
4349,14,65,147,2017,742012.0,25088.0
4350,14,67,147,2017,2135882.0,2764.0
4351,14,71,147,2017,6734768.0,9632237.0
4352,14,74,147,2017,113229.0,79606869.0
4353,14,77,147,2017,1357150.0,39143928.0
4354,14,81,147,2017,2468223.0,35771160.0
4355,14,90,147,2017,145527.0,505372.0
4356,14,93,147,2017,403733.0,0.0
4357,14,96,147,2017,31246.0,0.0
4358,14,97,147,2017,9746483.0,7934447.0
4359,14,99,147,2017,13633.0,27879.0
4360,14,102,147,2017,5291.0,1305188.0
4361,14,103,147,2017,11067214.0,122367435.0
4362,14,104,147,2017,43679538.0,20856083.0
4363,14,106,147,2017,268904.0,1588005.0
4364,14,111,147,2017,4833096.0,55224160.0
4365,14,112,147,2017,27586.0,0.0
4366,14,113,147,2017,2219606.0,0.0
4367,14,114,147,2017,6848025.0,55933826.0
4368,14,118,147,2017,1729442.0,10890.0
4369,14,121,147,2017,4983611.0,133247367.0
4370,14,122,147,2017,2803400.0,0.0
4371,14,130,147,2017,87069.0,89349.0
4372,14,138,147,2017,3382611.0,3808719.0
4373,14,153,147,2017,16823973.0,86990982.0
4374,14,160,147,2017,578112.0,0.0
4375,14,162,147,2017,834691.0,40069273.0
4376,14,163,147,2017,365420.0,433816.0
4377,14,166,147,2017,253638043.0,172512966.0
4378,14,169,147,2017,260597.0,6560.0
4379,14,173,147,2017,707534.0,1953.0
4380,14,174,147,2017,22358438.0,4127834.0
4381,14,177,147,2017,1534043.0,4869646.0
4382,14,179,147,2017,1340822.0,4697176.0
4383,14,180,147,2017,13005.0,1626.0
4384,14,188,147,2017,9222243.0,77003.0
4385,14,190,147,2017,752058.0,0.0
4386,14,192,147,2017,19033143.0,51732800.0
4387,14,197,147,2017,565114.0,233672.0
4388,14,205,147,2017,13055.0,0.0
4389,14,206,147,2017,170114.0,2928048.0
4390,14,207,147,2017,230685.0,4737673.0
4391,14,208,147,2017,2091356.0,31918010.0
4392,14,216,147,2017,4765609.0,84261492.0
4393,14,222,147,2017,0.0,2205.0
4394,14,224,147,2017,1408732.0,2044624.0
4395,14,230,147,2017,106991.0,37804.0
4396,14,231,147,2017,125636899.0,142300775.0
4397,14,246,147,2017,15222300.0,6865109.0
4398,14,249,147,2017,15173633.0,41240722.0
4399,14,250,147,2017,528604.0,0.0
4400,14,59,147,2017,85109.0,8870084.0
4401,14,124,147,2017,66020.0,26019.0
4402,14,131,147,2017,0.0,675561.0
4403,14,168,147,2017,11792480.0,1895866.0
4404,14,243,147,2017,80129.0,0.0
4405,14,2,147,2017,78313.0,0.0
4406,14,107,147,2017,1069542.0,16533.0
4407,14,110,147,2017,27374.0,493091.0
4408,14,115,147,2017,13940.0,0.0
4409,14,128,147,2017,14982527.0,347036.0
4410,14,183,147,2017,61168.0,9700.0
4411,14,228,147,2017,824734.0,0.0
4412,14,73,147,2017,27990.0,0.0
4413,14,185,147,2017,1001425.0,7251.0
4414,14,186,147,2017,10822.0,584132.0
4415,14,31,147,2017,2635.0,0.0
4416,14,145,147,2017,22604.0,0.0
4417,14,226,147,2017,330792.0,0.0
4418,14,44,147,2017,817378.0,0.0
4419,14,140,147,2017,0.0,4880.0
4420,14,134,147,2017,20541.0,85530.0
4421,14,239,147,2017,3940116.0,44721161.0
4422,14,22,147,2017,37377956.0,300898.0
4423,14,159,147,2017,6003913.0,9658.0
4424,14,142,147,2017,12907.0,0.0
4425,14,72,147,2017,32651.0,86118.0
4426,14,234,147,2017,510.0,0.0
4427,14,123,147,2017,36825.0,0.0
4428,14,143,147,2017,275533.0,66255.0
4429,14,191,147,2017,469067.0,0.0
4430,14,16,147,2017,1473.0,0.0
4431,14,10,147,2017,34506.0,0.0
4432,14,26,147,2017,2784.0,0.0
4433,14,68,147,2017,8134722.0,120439.0
4434,14,100,147,2017,934.0,27418.0
4435,14,108,147,2017,1533.0,0.0
4436,14,116,147,2017,800528.0,0.0
4437,14,132,147,2017,137325.0,19919.0
4438,14,135,147,2017,18297.0,0.0
4439,14,147,147,2017,105230.0,0.0
4440,14,151,147,2017,192207.0,3760.0
4441,14,164,147,2017,3388.0,197969.0
4442,14,167,147,2017,298049.0,0.0
4443,14,187,147,2017,47420.0,0.0
4444,14,201,147,2017,713.0,1247.0
4445,14,223,147,2017,652.0,0.0
4446,14,227,147,2017,241692.0,0.0
4447,14,4,147,2017,0.0,577.0
4448,14,66,147,2017,7144.0,0.0
4449,14,17,147,2017,18064.0,0.0
4450,14,83,147,2017,32883.0,0.0
4451,14,46,147,2017,27044.0,0.0
4452,14,242,147,2017,354439.0,9419.0
4453,14,141,147,2017,22990.0,0.0
4454,14,148,147,2017,5288.0,0.0
4455,14,109,147,2017,6945.0,729.0
4456,14,136,147,2017,96406.0,0.0
4457,14,220,147,2017,65461.0,1716.0
4458,14,176,147,2017,13677745.0,0.0
4459,14,34,147,2017,81084.0,9241.0
4460,14,37,147,2017,3225.0,964.0
4461,14,45,147,2017,1788.0,7242.0
4462,14,133,147,2017,32972.0,26538.0
4463,14,155,147,2017,2830328.0,1815.0
4464,14,156,147,2017,1751233.0,0.0
4465,14,157,147,2017,1937.0,0.0
4466,14,196,147,2017,4602.0,10002.0
4467,14,241,147,2017,4396.0,0.0
4468,14,247,147,2017,77994.0,0.0
4469,14,5,147,2017,0.0,3738.0
4470,14,40,147,2017,11515.0,0.0
4471,14,165,147,2017,566064.0,0.0
4472,14,21,147,2017,12708.0,0.0
4473,14,158,147,2017,11381.0,0.0
4474,14,240,147,2017,256941.0,4514.0
4475,14,129,147,2017,0.0,3647.0
4476,14,182,147,2017,299348.0,0.0
4477,14,195,147,2017,388089.0,0.0
4478,14,75,147,2017,14810026.0,120087.0
4479,14,175,147,2017,707.0,0.0
4480,14,48,147,2017,174136.0,0.0
4481,14,119,147,2017,25406.0,0.0
4482,14,137,147,2017,61775.0,0.0
4483,14,221,147,2017,215068.0,0.0
4484,14,225,147,2017,35026.0,15885.0
4485,14,56,147,2017,74358.0,0.0
4486,14,7,172,2017,5460831.0,16948456.0
4487,14,8,172,2017,158022.0,1555087.0
4488,14,15,172,2017,352291.0,35154574.0
4489,14,18,172,2017,6997126.0,10946547.0
4490,14,23,172,2017,1813533.0,577727.0
4491,14,24,172,2017,358323.0,11310.0
4492,14,32,172,2017,513793.0,12567697.0
4493,14,33,172,2017,65138.0,0.0
4494,14,39,172,2017,4925592.0,37543434.0
4495,14,41,172,2017,243664.0,19067765.0
4496,14,42,172,2017,1309081.0,1476221.0
4497,14,43,172,2017,13238275.0,1814679541.0
4498,14,49,172,2017,192894.0,140788.0
4499,14,52,172,2017,12551.0,22873.0
4500,14,58,172,2017,8952.0,384655.0
4501,14,61,172,2017,4683399.0,176085680.0
4502,14,64,172,2017,1501785.0,14968061.0
4503,14,65,172,2017,25833.0,3005.0
4504,14,67,172,2017,195262.0,1336.0
4505,14,71,172,2017,2332004.0,50719245.0
4506,14,74,172,2017,899051.0,3598054.0
4507,14,77,172,2017,4674685.0,88717339.0
4508,14,81,172,2017,11280026.0,88388782.0
4509,14,90,172,2017,160395.0,1764910.0
4510,14,93,172,2017,18613.0,0.0
4511,14,96,172,2017,13664.0,0.0
4512,14,97,172,2017,2099239.0,5648725.0
4513,14,99,172,2017,85019.0,0.0
4514,14,102,172,2017,21757.0,994082.0
4515,14,103,172,2017,71148021.0,71572236.0
4516,14,104,172,2017,3795483.0,120241514.0
4517,14,106,172,2017,172146.0,912174.0
4518,14,111,172,2017,3274414.0,95718119.0
4519,14,112,172,2017,2971.0,0.0
4520,14,113,172,2017,39696.0,66909.0
4521,14,114,172,2017,15351940.0,162825898.0
4522,14,118,172,2017,42857.0,383529.0
4523,14,121,172,2017,6775300.0,71658804.0
4524,14,122,172,2017,512623.0,3909.0
4525,14,130,172,2017,16589.0,158305.0
4526,14,138,172,2017,695234.0,7910499.0
4527,14,153,172,2017,15469725.0,70235051.0
4528,14,160,172,2017,14405.0,0.0
4529,14,162,172,2017,2061080.0,31942202.0
4530,14,163,172,2017,981095.0,6215611.0
4531,14,166,172,2017,134114598.0,56029796.0
4532,14,169,172,2017,3791287.0,8203.0
4533,14,173,172,2017,560385.0,411201.0
4534,14,174,172,2017,8282186.0,6952257.0
4535,14,177,172,2017,519363.0,7402268.0
4536,14,179,172,2017,154192.0,3136485.0
4537,14,180,172,2017,45920.0,0.0
4538,14,188,172,2017,6884852.0,10394.0
4539,14,190,172,2017,10124.0,0.0
4540,14,192,172,2017,16532969.0,35960227.0
4541,14,197,172,2017,16772.0,75193.0
4542,14,205,172,2017,9095.0,0.0
4543,14,206,172,2017,5443.0,4763545.0
4544,14,207,172,2017,107043.0,979264.0
4545,14,208,172,2017,814379.0,32413148.0
4546,14,216,172,2017,19467234.0,143439253.0
4547,14,222,172,2017,319250.0,7515.0
4548,14,224,172,2017,460712.0,7429769.0
4549,14,230,172,2017,100805.0,3839.0
4550,14,231,172,2017,36672659.0,261175865.0
4551,14,246,172,2017,5177609.0,22717729.0
4552,14,249,172,2017,2219038.0,159969706.0
4553,14,250,172,2017,17842882.0,0.0
4554,14,59,172,2017,351726.0,6938620.0
4555,14,124,172,2017,86960.0,401809.0
4556,14,127,172,2017,74752.0,0.0
4557,14,131,172,2017,13258.0,1481470.0
4558,14,168,172,2017,1145041.0,19270900.0
4559,14,2,172,2017,2376.0,56456.0
4560,14,107,172,2017,2460763.0,138395.0
4561,14,110,172,2017,562156.0,3175021.0
4562,14,115,172,2017,796834.0,5626.0
4563,14,128,172,2017,1016515.0,1666487.0
4564,14,183,172,2017,1977015.0,342265.0
4565,14,228,172,2017,93255.0,622103.0
4566,14,13,172,2017,2786.0,0.0
4567,14,73,172,2017,82681.0,2006.0
4568,14,185,172,2017,68623.0,2382756.0
4569,14,186,172,2017,3096846.0,233244.0
4570,14,31,172,2017,49917.0,0.0
4571,14,91,172,2017,134886.0,0.0
4572,14,145,172,2017,670707.0,1633.0
4573,14,226,172,2017,1524759.0,0.0
4574,14,44,172,2017,3200305.0,3363.0
4575,14,140,172,2017,1658.0,13488.0
4576,14,134,172,2017,69657.0,32736.0
4577,14,85,172,2017,26330.0,0.0
4578,14,239,172,2017,4835454.0,64761005.0
4579,14,22,172,2017,16386.0,100792.0
4580,14,159,172,2017,168354.0,0.0
4581,14,142,172,2017,22849.0,19917.0
4582,14,237,172,2017,0.0,2275.0
4583,14,72,172,2017,6153.0,1235480.0
4584,14,19,172,2017,58191.0,0.0
4585,14,234,172,2017,62317.0,0.0
4586,14,123,172,2017,446796.0,0.0
4587,14,143,172,2017,863644.0,707.0
4588,14,191,172,2017,1476450.0,5818.0
4589,14,120,172,2017,0.0,37771.0
4590,14,16,172,2017,42297.0,2509.0
4591,14,30,172,2017,1462.0,0.0
4592,14,10,172,2017,52406.0,7914.0
4593,14,26,172,2017,2467.0,19000.0
4594,14,28,172,2017,12550.0,9606.0
4595,14,68,172,2017,6760627.0,22500.0
4596,14,82,172,2017,1004194.0,22721.0
4597,14,100,172,2017,1320.0,471195.0
4598,14,108,172,2017,101671.0,0.0
4599,14,116,172,2017,2784661.0,0.0
4600,14,117,172,2017,9192.0,4729.0
4601,14,132,172,2017,4711.0,666221.0
4602,14,135,172,2017,15736.0,0.0
4603,14,147,172,2017,1311589.0,0.0
4604,14,151,172,2017,129472.0,0.0
4605,14,152,172,2017,2078.0,0.0
4606,14,164,172,2017,7370.0,23242.0
4607,14,167,172,2017,142485.0,18924.0
4608,14,187,172,2017,394.0,0.0
4609,14,201,172,2017,2692.0,138383.0
4610,14,217,172,2017,103112.0,0.0
4611,14,219,172,2017,8847.0,0.0
4612,14,223,172,2017,6204.0,240749.0
4613,14,38,172,2017,153906.0,0.0
4614,14,211,172,2017,37815.0,0.0
4615,14,227,172,2017,63262.0,45618.0
4616,14,4,172,2017,1088100.0,0.0
4617,14,248,172,2017,13548.0,11128.0
4618,14,9,172,2017,248581.0,984.0
4619,14,66,172,2017,22546.0,25794.0
4620,14,83,172,2017,3682495.0,2347.0
4621,14,46,172,2017,476815.0,0.0
4622,14,139,172,2017,20465.0,0.0
4623,14,242,172,2017,1049041.0,156674.0
4624,14,141,172,2017,454991.0,0.0
4625,14,148,172,2017,134488.0,0.0
4626,14,109,172,2017,82526.0,4406.0
4627,14,136,172,2017,143723.0,0.0
4628,14,220,172,2017,554999.0,10074.0
4629,14,176,172,2017,67343816.0,195091.0
4630,14,34,172,2017,172010.0,209549.0
4631,14,214,172,2017,19455.0,0.0
4632,14,37,172,2017,2776.0,3570.0
4633,14,45,172,2017,0.0,34283.0
4634,14,47,172,2017,66783.0,0.0
4635,14,133,172,2017,37471.0,261833.0
4636,14,155,172,2017,12929.0,0.0
4637,14,156,172,2017,4876796.0,139727.0
4638,14,157,172,2017,0.0,11872.0
4639,14,196,172,2017,100364.0,10762.0
4640,14,215,172,2017,254962.0,0.0
4641,14,241,172,2017,80381.0,0.0
4642,14,247,172,2017,292800.0,0.0
4643,14,40,172,2017,278898.0,0.0
4644,14,165,172,2017,260239.0,78255.0
4645,14,21,172,2017,322228.0,0.0
4646,14,62,172,2017,852627.0,0.0
4647,14,199,172,2017,60559.0,0.0
4648,14,158,172,2017,296566.0,0.0
4649,14,240,172,2017,1241878.0,4759.0
4650,14,182,172,2017,401154.0,2441.0
4651,14,195,172,2017,1866781.0,8116.0
4652,14,75,172,2017,6616863.0,920229.0
4653,14,175,172,2017,57488.0,0.0
4654,14,76,172,2017,5930.0,0.0
4655,14,48,172,2017,53390.0,0.0
4656,14,119,172,2017,374630.0,0.0
4657,14,3,172,2017,0.0,1941.0
4658,14,79,172,2017,49396.0,0.0
4659,14,137,172,2017,91927.0,2379.0
4660,14,95,172,2017,21956.0,0.0
4661,14,146,172,2017,90186.0,0.0
4662,14,221,172,2017,96528.0,68328.0
4663,14,225,172,2017,197856.0,0.0
4664,14,11,172,2017,475163.0,0.0
4665,14,56,172,2017,1348120.0,0.0
4666,14,1,141,2017,0.0,1788.0
4667,14,7,141,2017,358387.0,69225.0
4668,14,8,141,2017,0.0,473966.0
4669,14,15,141,2017,57083.0,506575.0
4670,14,18,141,2017,116235.0,5219712.0
4671,14,23,141,2017,5182.0,1259611.0
4672,14,24,141,2017,24941.0,0.0
4673,14,32,141,2017,15467.0,149845.0
4674,14,39,141,2017,259307.0,1245195.0
4675,14,41,141,2017,124788.0,3502055.0
4676,14,42,141,2017,29495.0,0.0
4677,14,43,141,2017,4479188.0,520497554.0
4678,14,49,141,2017,38591.0,225886.0
4679,14,52,141,2017,1008.0,0.0
4680,14,55,141,2017,2324.0,1148.0
4681,14,58,141,2017,0.0,38829.0
4682,14,61,141,2017,784859.0,12929766.0
4683,14,64,141,2017,98549.0,1090727.0
4684,14,65,141,2017,0.0,151745.0
4685,14,67,141,2017,0.0,8219.0
4686,14,71,141,2017,39429.0,4099606.0
4687,14,74,141,2017,35201.0,311180.0
4688,14,77,141,2017,387263.0,61542432.0
4689,14,81,141,2017,1286841.0,11876285.0
4690,14,90,141,2017,8333.0,144295.0
4691,14,93,141,2017,0.0,306746.0
4692,14,96,141,2017,13454.0,0.0
4693,14,97,141,2017,3548201.0,11206708.0
4694,14,99,141,2017,0.0,1063.0
4695,14,102,141,2017,4516.0,2542333.0
4696,14,103,141,2017,267829.0,7758680.0
4697,14,104,141,2017,268335.0,71329288.0
4698,14,106,141,2017,22394.0,372296.0
4699,14,111,141,2017,453847.0,72511628.0
4700,14,114,141,2017,2020739.0,822604.0
4701,14,118,141,2017,1196.0,824676.0
4702,14,121,141,2017,413995.0,2454565.0
4703,14,122,141,2017,123793.0,1268.0
4704,14,130,141,2017,8430.0,24514.0
4705,14,138,141,2017,0.0,1702491.0
4706,14,153,141,2017,383455.0,2057199.0
4707,14,160,141,2017,0.0,15354.0
4708,14,162,141,2017,703944.0,3629936.0
4709,14,163,141,2017,56552.0,116697.0
4710,14,166,141,2017,26894561.0,9761303.0
4711,14,169,141,2017,16164.0,0.0
4712,14,173,141,2017,13401.0,8983.0
4713,14,174,141,2017,63404.0,3853501.0
4714,14,177,141,2017,16327910.0,2229313.0
4715,14,179,141,2017,21127.0,418933.0
4716,14,180,141,2017,0.0,143437.0
4717,14,188,141,2017,3135.0,610.0
4718,14,190,141,2017,3072.0,0.0
4719,14,192,141,2017,10768515.0,24995835.0
4720,14,197,141,2017,0.0,14292.0
4721,14,206,141,2017,0.0,75599.0
4722,14,207,141,2017,1484.0,23816.0
4723,14,208,141,2017,196330.0,1301765.0
4724,14,216,141,2017,347903.0,5698134.0
4725,14,222,141,2017,10378.0,0.0
4726,14,224,141,2017,13146.0,3022305.0
4727,14,230,141,2017,5407.0,0.0
4728,14,231,141,2017,1347746.0,27103365.0
4729,14,246,141,2017,310830.0,1555292.0
4730,14,249,141,2017,217388.0,4684981.0
4731,14,250,141,2017,104665.0,0.0
4732,14,59,141,2017,26044.0,960164.0
4733,14,124,141,2017,59404.0,933.0
4734,14,131,141,2017,833.0,20437.0
4735,14,168,141,2017,5856.0,10998683.0
4736,14,25,141,2017,995.0,0.0
4737,14,107,141,2017,2016.0,10651.0
4738,14,110,141,2017,226319.0,145243.0
4739,14,115,141,2017,1541.0,0.0
4740,14,128,141,2017,6339.0,1084578.0
4741,14,183,141,2017,22210.0,0.0
4742,14,228,141,2017,14015.0,363454.0
4743,14,13,141,2017,1301.0,0.0
4744,14,73,141,2017,0.0,6972.0
4745,14,185,141,2017,4525.0,1746120.0
4746,14,186,141,2017,36308.0,0.0
4747,14,145,141,2017,26024.0,270.0
4748,14,226,141,2017,39779.0,0.0
4749,14,44,141,2017,19202.0,0.0
4750,14,134,141,2017,0.0,213408.0
4751,14,85,141,2017,78550.0,0.0
4752,14,239,141,2017,1215737.0,48935134.0
4753,14,22,141,2017,0.0,3189514.0
4754,14,72,141,2017,933.0,22399.0
4755,14,19,141,2017,2121.0,0.0
4756,14,123,141,2017,19016.0,5645.0
4757,14,143,141,2017,1799.0,1972295.0
4758,14,191,141,2017,6474.0,0.0
4759,14,16,141,2017,2050.0,0.0
4760,14,26,141,2017,29851.0,114725.0
4761,14,68,141,2017,16145.0,0.0
4762,14,82,141,2017,0.0,3944.0
4763,14,100,141,2017,1016.0,10775.0
4764,14,116,141,2017,32734.0,220002.0
4765,14,117,141,2017,3235.0,0.0
4766,14,132,141,2017,1768.0,10840.0
4767,14,135,141,2017,0.0,197051.0
4768,14,147,141,2017,1929.0,0.0
4769,14,151,141,2017,9194.0,43896.0
4770,14,164,141,2017,2691.0,179412.0
4771,14,167,141,2017,10695.0,0.0
4772,14,187,141,2017,0.0,109767.0
4773,14,223,141,2017,11263.0,780858.0
4774,14,211,141,2017,11571.0,0.0
4775,14,4,141,2017,1908.0,8472.0
4776,14,144,141,2017,4687.0,0.0
4777,14,248,141,2017,1666.0,3449.0
4778,14,83,141,2017,63884.0,1810.0
4779,14,46,141,2017,10874.0,0.0
4780,14,242,141,2017,73484.0,19286.0
4781,14,141,141,2017,17850.0,0.0
4782,14,109,141,2017,8604.0,1278.0
4783,14,136,141,2017,0.0,65305.0
4784,14,220,141,2017,46894.0,191564.0
4785,14,176,141,2017,2587681.0,2468.0
4786,14,34,141,2017,69106.0,60989.0
4787,14,37,141,2017,2597.0,0.0
4788,14,47,141,2017,36906.0,0.0
4789,14,126,141,2017,3275.0,0.0
4790,14,133,141,2017,228482.0,11077.0
4791,14,156,141,2017,469030.0,0.0
4792,14,196,141,2017,50532.0,2711.0
4793,14,215,141,2017,2025.0,0.0
4794,14,247,141,2017,5099.0,0.0
4795,14,5,141,2017,0.0,20687.0
4796,14,165,141,2017,11450.0,0.0
4797,14,21,141,2017,14770.0,0.0
4798,14,240,141,2017,104644.0,0.0
4799,14,182,141,2017,179239.0,0.0
4800,14,195,141,2017,141930.0,0.0
4801,14,75,141,2017,1487362.0,794338.0
4802,14,48,141,2017,21221.0,0.0
4803,14,119,141,2017,1384.0,0.0
4804,14,79,141,2017,12100.0,0.0
4805,14,137,141,2017,14862.0,0.0
4806,14,95,141,2017,205614.0,14211.0
4807,14,221,141,2017,3099.0,0.0
4808,14,56,141,2017,6979.0,0.0
4809,14,7,162,2017,16274286.0,993651.0
4810,14,8,162,2017,53256.0,95660.0
4811,14,15,162,2017,20009.0,2834729.0
4812,14,18,162,2017,13316.0,782216.0
4813,14,23,162,2017,12257.0,31947.0
4814,14,24,162,2017,985.0,0.0
4815,14,32,162,2017,2841.0,65735.0
4816,14,39,162,2017,213548.0,1458576.0
4817,14,41,162,2017,41830.0,424184.0
4818,14,42,162,2017,88112.0,0.0
4819,14,43,162,2017,3457258.0,798607066.0
4820,14,49,162,2017,5261.0,13768.0
4821,14,52,162,2017,9833.0,7551.0
4822,14,58,162,2017,5538.0,0.0
4823,14,61,162,2017,957126.0,12388398.0
4824,14,64,162,2017,162375.0,2131882.0
4825,14,65,162,2017,5140.0,156549.0
4826,14,67,162,2017,4526.0,33769.0
4827,14,71,162,2017,124121.0,1432116.0
4828,14,74,162,2017,68589.0,334613.0
4829,14,77,162,2017,332743.0,6445824.0
4830,14,81,162,2017,2214522.0,7112272.0
4831,14,90,162,2017,85201.0,87518.0
4832,14,93,162,2017,0.0,91710.0
4833,14,97,162,2017,1887506.0,3087517.0
4834,14,99,162,2017,0.0,81416.0
4835,14,102,162,2017,1590.0,184885.0
4836,14,103,162,2017,573992.0,8346029.0
4837,14,104,162,2017,1129886.0,128555196.0
4838,14,106,162,2017,58825.0,101909.0
4839,14,111,162,2017,169447.0,3782121.0
4840,14,112,162,2017,905.0,0.0
4841,14,113,162,2017,63331.0,2351.0
4842,14,114,162,2017,325554.0,4206547.0
4843,14,118,162,2017,17136.0,3970959.0
4844,14,121,162,2017,1168441.0,9406183.0
4845,14,122,162,2017,14745.0,76849.0
4846,14,130,162,2017,2452.0,488017.0
4847,14,138,162,2017,33655.0,1876545.0
4848,14,153,162,2017,10667040.0,13504312.0
4849,14,160,162,2017,0.0,40404.0
4850,14,162,162,2017,145274.0,3220453.0
4851,14,163,162,2017,59859.0,51955.0
4852,14,166,162,2017,15003505.0,10557760.0
4853,14,173,162,2017,9182.0,124879.0
4854,14,174,162,2017,439816.0,1045831.0
4855,14,177,162,2017,635612.0,568219.0
4856,14,179,162,2017,28981.0,3581610.0
4857,14,188,162,2017,101063.0,6185.0
4858,14,192,162,2017,1497436.0,8953842.0
4859,14,197,162,2017,0.0,46950.0
4860,14,206,162,2017,4483.0,215391.0
4861,14,207,162,2017,4613.0,55410.0
4862,14,208,162,2017,138978.0,4521763.0
4863,14,216,162,2017,1311537.0,18830472.0
4864,14,222,162,2017,2761.0,0.0
4865,14,224,162,2017,337801.0,8868310.0
4866,14,230,162,2017,5557.0,0.0
4867,14,231,162,2017,2025408.0,45458724.0
4868,14,246,162,2017,553239.0,3226393.0
4869,14,249,162,2017,299757.0,10176584.0
4870,14,250,162,2017,363736.0,0.0
4871,14,59,162,2017,11345.0,215791.0
4872,14,124,162,2017,34084.0,61450.0
4873,14,131,162,2017,3019.0,50267.0
4874,14,168,162,2017,3390680.0,63732060.0
4875,14,2,162,2017,55071.0,0.0
4876,14,25,162,2017,3911.0,0.0
4877,14,107,162,2017,10217.0,36929.0
4878,14,110,162,2017,124157.0,328389.0
4879,14,115,162,2017,2650.0,0.0
4880,14,128,162,2017,84986.0,3364746.0
4881,14,183,162,2017,19779.0,8055.0
4882,14,228,162,2017,12516.0,100832.0
4883,14,73,162,2017,1240.0,10359.0
4884,14,185,162,2017,1920.0,195065.0
4885,14,186,162,2017,7101.0,172358.0
4886,14,31,162,2017,0.0,1261.0
4887,14,145,162,2017,45247.0,3713.0
4888,14,226,162,2017,273730.0,2518.0
4889,14,44,162,2017,83415.0,0.0
4890,14,140,162,2017,5494.0,602182.0
4891,14,134,162,2017,2277.0,64408.0
4892,14,85,162,2017,12082.0,0.0
4893,14,239,162,2017,241072.0,11282252.0
4894,14,22,162,2017,263995.0,37523237.0
4895,14,159,162,2017,137946.0,0.0
4896,14,142,162,2017,32005.0,0.0
4897,14,237,162,2017,0.0,29834.0
4898,14,72,162,2017,2940.0,341471.0
4899,14,123,162,2017,10497.0,61398.0
4900,14,143,162,2017,834.0,359915.0
4901,14,191,162,2017,60091.0,0.0
4902,14,16,162,2017,531.0,866.0
4903,14,10,162,2017,23485.0,0.0
4904,14,26,162,2017,1444.0,4577.0
4905,14,28,162,2017,0.0,16386.0
4906,14,68,162,2017,42444.0,795237.0
4907,14,82,162,2017,10738.0,0.0
4908,14,100,162,2017,2001.0,917.0
4909,14,108,162,2017,90092.0,0.0
4910,14,116,162,2017,525620.0,7052.0
4911,14,132,162,2017,3367.0,166833.0
4912,14,135,162,2017,2266.0,39132.0
4913,14,147,162,2017,283964.0,1463.0
4914,14,151,162,2017,11275.0,14848.0
4915,14,152,162,2017,17586.0,1572.0
4916,14,164,162,2017,2819.0,491827.0
4917,14,167,162,2017,0.0,9004.0
4918,14,187,162,2017,113567.0,0.0
4919,14,201,162,2017,488.0,0.0
4920,14,209,162,2017,0.0,7217.0
4921,14,219,162,2017,0.0,1399422.0
4922,14,223,162,2017,0.0,190324.0
4923,14,38,162,2017,3862.0,0.0
4924,14,211,162,2017,18228.0,0.0
4925,14,227,162,2017,195209.0,0.0
4926,14,4,162,2017,2012.0,0.0
4927,14,144,162,2017,919.0,1324.0
4928,14,248,162,2017,5227.0,1466.0
4929,14,9,162,2017,93108.0,0.0
4930,14,17,162,2017,150224.0,0.0
4931,14,83,162,2017,304753.0,1938.0
4932,14,46,162,2017,46899.0,0.0
4933,14,242,162,2017,47542.0,9803.0
4934,14,141,162,2017,67378.0,0.0
4935,14,109,162,2017,14931.0,8678.0
4936,14,136,162,2017,73216.0,37851.0
4937,14,220,162,2017,104634.0,1044.0
4938,14,176,162,2017,12770813.0,6951.0
4939,14,34,162,2017,107432.0,11466.0
4940,14,37,162,2017,10665.0,2038.0
4941,14,45,162,2017,20997.0,0.0
4942,14,47,162,2017,5165.0,0.0
4943,14,51,162,2017,0.0,26895.0
4944,14,125,162,2017,30305.0,0.0
4945,14,133,162,2017,87606.0,0.0
4946,14,156,162,2017,238209.0,2054.0
4947,14,196,162,2017,27527.0,46928.0
4948,14,215,162,2017,219306.0,0.0
4949,14,247,162,2017,11794.0,2790.0
4950,14,35,162,2017,1556.0,0.0
4951,14,40,162,2017,31274.0,0.0
4952,14,165,162,2017,149998.0,0.0
4953,14,21,162,2017,31786.0,0.0
4954,14,62,162,2017,223422.0,0.0
4955,14,199,162,2017,34001.0,0.0
4956,14,158,162,2017,38437.0,0.0
4957,14,240,162,2017,538097.0,0.0
4958,14,182,162,2017,4757.0,0.0
4959,14,195,162,2017,1893933.0,0.0
4960,14,75,162,2017,3334693.0,1557114.0
4961,14,175,162,2017,3239.0,0.0
4962,14,48,162,2017,91872.0,0.0
4963,14,119,162,2017,278883.0,0.0
4964,14,3,162,2017,0.0,32415.0
4965,14,79,162,2017,15367.0,0.0
4966,14,137,162,2017,55839.0,0.0
4967,14,95,162,2017,0.0,6411.0
4968,14,221,162,2017,86161.0,0.0
4969,14,225,162,2017,4608.0,0.0
4970,14,11,162,2017,4559.0,0.0
4971,14,56,162,2017,80123.0,0.0
4972,14,1,164,2017,0.0,1488.0
4973,14,7,164,2017,110792.0,11820.0
4974,14,8,164,2017,0.0,7479.0
4975,14,15,164,2017,18251.0,346782.0
4976,14,18,164,2017,427100.0,70136.0
4977,14,23,164,2017,0.0,3470.0
4978,14,24,164,2017,0.0,254449.0
4979,14,32,164,2017,0.0,4230.0
4980,14,39,164,2017,181434.0,1101418.0
4981,14,41,164,2017,24513.0,142114.0
4982,14,42,164,2017,30285.0,0.0
4983,14,43,164,2017,121482.0,103948357.0
4984,14,49,164,2017,9488.0,9219.0
4985,14,52,164,2017,6696.0,0.0
4986,14,58,164,2017,0.0,11636.0
4987,14,61,164,2017,467763.0,1593028.0
4988,14,64,164,2017,2010.0,68661.0
4989,14,65,164,2017,0.0,107598.0
4990,14,67,164,2017,0.0,144717.0
4991,14,71,164,2017,19208.0,170473.0
4992,14,74,164,2017,24133.0,41036.0
4993,14,77,164,2017,164795.0,1662253.0
4994,14,81,164,2017,485736.0,2387453.0
4995,14,90,164,2017,0.0,11876.0
4996,14,93,164,2017,0.0,3735.0
4997,14,97,164,2017,78317.0,2337850.0
4998,14,99,164,2017,0.0,1807.0
4999,14,102,164,2017,0.0,2742.0
5000,14,103,164,2017,282044.0,747848.0
5001,14,104,164,2017,13970.0,870966.0
5002,14,106,164,2017,6656.0,23492.0
5003,14,111,164,2017,12997.0,6667286.0
5004,14,112,164,2017,15921.0,0.0
5005,14,113,164,2017,0.0,3663.0
5006,14,114,164,2017,216966.0,5452071.0
5007,14,118,164,2017,1019.0,266003.0
5008,14,121,164,2017,191619.0,1351260.0
5009,14,130,164,2017,0.0,1733.0
5010,14,138,164,2017,42836.0,692638.0
5011,14,153,164,2017,57779.0,5157069.0
5012,14,162,164,2017,145632.0,2460139.0
5013,14,163,164,2017,16229.0,11467.0
5014,14,166,164,2017,3109987.0,3098308.0
5015,14,173,164,2017,2636.0,19972.0
5016,14,174,164,2017,48229.0,416071.0
5017,14,177,164,2017,5188.0,143860.0
5018,14,179,164,2017,14457.0,2350079.0
5019,14,192,164,2017,132985.0,316105.0
5020,14,206,164,2017,0.0,6224.0
5021,14,207,164,2017,3130.0,15109.0
5022,14,208,164,2017,51371.0,2840085.0
5023,14,216,164,2017,158015.0,1703973.0
5024,14,224,164,2017,0.0,62370.0
5025,14,231,164,2017,1161289.0,10427062.0
5026,14,246,164,2017,70115.0,70140.0
5027,14,249,164,2017,30898.0,2381247.0
5028,14,250,164,2017,90939.0,0.0
5029,14,59,164,2017,4267.0,67675.0
5030,14,127,164,2017,1120.0,0.0
5031,14,131,164,2017,0.0,4187.0
5032,14,168,164,2017,0.0,260577.0
5033,14,107,164,2017,0.0,2753.0
5034,14,110,164,2017,49709.0,104297.0
5035,14,115,164,2017,1252.0,0.0
5036,14,128,164,2017,57597.0,2304337.0
5037,14,183,164,2017,0.0,1325.0
5038,14,228,164,2017,0.0,4118.0
5039,14,185,164,2017,0.0,29751.0
5040,14,186,164,2017,0.0,691.0
5041,14,145,164,2017,110913.0,0.0
5042,14,226,164,2017,25615.0,0.0
5043,14,44,164,2017,2497.0,0.0
5044,14,134,164,2017,0.0,1061.0
5045,14,239,164,2017,66961.0,3530617.0
5046,14,22,164,2017,2686.0,4961837.0
5047,14,159,164,2017,12308.0,0.0
5048,14,142,164,2017,0.0,7589.0
5049,14,72,164,2017,545.0,4166.0
5050,14,123,164,2017,1083.0,0.0
5051,14,143,164,2017,0.0,27794.0
5052,14,30,164,2017,937.0,0.0
5053,14,68,164,2017,1035.0,0.0
5054,14,116,164,2017,2920.0,0.0
5055,14,151,164,2017,8063.0,0.0
5056,14,164,164,2017,19904.0,84283.0
5057,14,83,164,2017,9727.0,1251.0
5058,14,46,164,2017,947.0,0.0
5059,14,242,164,2017,6829.0,82426.0
5060,14,141,164,2017,4768.0,0.0
5061,14,109,164,2017,2674.0,0.0
5062,14,136,164,2017,0.0,54481.0
5063,14,220,164,2017,21130.0,1817.0
5064,14,176,164,2017,518504.0,0.0
5065,14,34,164,2017,6590.0,2867.0
5066,14,37,164,2017,7424.0,0.0
5067,14,156,164,2017,123017.0,0.0
5068,14,247,164,2017,1000.0,0.0
5069,14,165,164,2017,6988.0,0.0
5070,14,21,164,2017,2402.0,0.0
5071,14,158,164,2017,7026.0,0.0
5072,14,240,164,2017,6246.0,0.0
5073,14,182,164,2017,32844.0,0.0
5074,14,195,164,2017,35247.0,0.0
5075,14,75,164,2017,130935.0,110420.0
5076,14,48,164,2017,6857.0,0.0
5077,14,137,164,2017,18150.0,0.0
5078,14,95,164,2017,11857.0,0.0
5079,14,225,164,2017,2995.0,0.0
5080,14,7,165,2017,51306.0,0.0
5081,14,15,165,2017,0.0,74921.0
5082,14,18,165,2017,0.0,232064.0
5083,14,23,165,2017,0.0,907.0
5084,14,39,165,2017,49491.0,80213.0
5085,14,41,165,2017,0.0,63031.0
5086,14,43,165,2017,23662.0,28567732.0
5087,14,61,165,2017,0.0,493946.0
5088,14,64,165,2017,0.0,1803.0
5089,14,71,165,2017,0.0,9812.0
5090,14,74,165,2017,0.0,16498.0
5091,14,77,165,2017,0.0,27199.0
5092,14,81,165,2017,20187.0,199571.0
5093,14,97,165,2017,6200.0,248510.0
5094,14,103,165,2017,25094.0,87759.0
5095,14,104,165,2017,0.0,22057.0
5096,14,106,165,2017,21994.0,12282.0
5097,14,111,165,2017,4466.0,335496.0
5098,14,114,165,2017,8502.0,37578.0
5099,14,118,165,2017,800.0,12326.0
5100,14,121,165,2017,3963.0,73950.0
5101,14,130,165,2017,0.0,40034.0
5102,14,153,165,2017,20782.0,26383.0
5103,14,162,165,2017,1471.0,30363.0
5104,14,163,165,2017,0.0,8830.0
5105,14,166,165,2017,262941.0,457843.0
5106,14,174,165,2017,25184.0,5663.0
5107,14,177,165,2017,0.0,14644.0
5108,14,192,165,2017,6948.0,82558.0
5109,14,208,165,2017,0.0,20982.0
5110,14,216,165,2017,5860.0,100801.0
5111,14,231,165,2017,175997.0,255665.0
5112,14,246,165,2017,941.0,177735.0
5113,14,249,165,2017,9428.0,528766.0
5114,14,250,165,2017,56215.0,0.0
5115,14,59,165,2017,0.0,150627.0
5116,14,168,165,2017,0.0,8803.0
5117,14,110,165,2017,747.0,0.0
5118,14,128,165,2017,0.0,3406.0
5119,14,239,165,2017,0.0,212465.0
5120,14,68,165,2017,1425.0,0.0
5121,14,132,165,2017,0.0,98007.0
5122,14,211,165,2017,0.0,3881.0
5123,14,17,165,2017,26290.0,0.0
5124,14,83,165,2017,2780.0,0.0
5125,14,242,165,2017,3262.0,150268.0
5126,14,220,165,2017,5115.0,0.0
5127,14,176,165,2017,154778.0,0.0
5128,14,133,165,2017,114656.0,0.0
5129,14,195,165,2017,11963.0,0.0
5130,14,75,165,2017,39619.0,992.0
5131,14,48,165,2017,3007.0,0.0
5132,14,95,165,2017,2110.0,0.0
5133,14,221,165,2017,1921.0,0.0
5134,14,56,165,2017,2947.0,0.0
5135,14,7,191,2017,314347.0,0.0
5136,14,8,191,2017,0.0,13120.0
5137,14,15,191,2017,593134.0,4539603.0
5138,14,18,191,2017,764404.0,1706472.0
5139,14,23,191,2017,0.0,12933.0
5140,14,32,191,2017,0.0,267791.0
5141,14,39,191,2017,723455.0,12945586.0
5142,14,41,191,2017,3572972.0,259354.0
5143,14,43,191,2017,535174.0,2672546.0
5144,14,52,191,2017,29814.0,0.0
5145,14,58,191,2017,2125.0,0.0
5146,14,61,191,2017,367946.0,5384336.0
5147,14,64,191,2017,0.0,199277.0
5148,14,67,191,2017,2677.0,0.0
5149,14,71,191,2017,996059.0,4033122.0
5150,14,74,191,2017,441440.0,5218842.0
5151,14,77,191,2017,871733.0,2226409.0
5152,14,81,191,2017,969644.0,6762656.0
5153,14,90,191,2017,0.0,50333.0
5154,14,97,191,2017,9453.0,0.0
5155,14,102,191,2017,756.0,4940.0
5156,14,103,191,2017,1239045.0,3082.0
5157,14,104,191,2017,139834.0,1173657.0
5158,14,106,191,2017,7098.0,125383.0
5159,14,111,191,2017,222047.0,10922759.0
5160,14,112,191,2017,166854.0,0.0
5161,14,114,191,2017,855548.0,3375794.0
5162,14,121,191,2017,161093.0,1303885.0
5163,14,122,191,2017,4665.0,0.0
5164,14,138,191,2017,0.0,29231.0
5165,14,153,191,2017,45254.0,0.0
5166,14,162,191,2017,5568801.0,3011.0
5167,14,163,191,2017,199306.0,6020143.0
5168,14,166,191,2017,5196546.0,1529526.0
5169,14,173,191,2017,25882.0,54472.0
5170,14,174,191,2017,264001.0,33020.0
5171,14,177,191,2017,64451.0,0.0
5172,14,179,191,2017,0.0,264442.0
5173,14,188,191,2017,0.0,650.0
5174,14,192,191,2017,401063.0,23644.0
5175,14,206,191,2017,0.0,11442.0
5176,14,207,191,2017,0.0,186720.0
5177,14,208,191,2017,199975.0,7084395.0
5178,14,216,191,2017,184995.0,52985.0
5179,14,224,191,2017,45159.0,3684030.0
5180,14,231,191,2017,14680784.0,246467226.0
5181,14,246,191,2017,579763.0,647391.0
5182,14,249,191,2017,0.0,168626.0
5183,14,59,191,2017,36177.0,2442697.0
5184,14,131,191,2017,851.0,0.0
5185,14,168,191,2017,0.0,12195.0
5186,14,110,191,2017,829153.0,1039862.0
5187,14,185,191,2017,0.0,1603.0
5188,14,186,191,2017,0.0,4982.0
5189,14,145,191,2017,11088.0,0.0
5190,14,140,191,2017,624.0,2332.0
5191,14,134,191,2017,7723.0,0.0
5192,14,239,191,2017,3479.0,0.0
5193,14,143,191,2017,0.0,9249.0
5194,14,191,191,2017,90366.0,0.0
5195,14,10,191,2017,0.0,10582.0
5196,14,201,191,2017,0.0,782566.0
5197,14,136,191,2017,2287.0,0.0
5198,14,176,191,2017,190209.0,1135.0
5199,14,133,191,2017,14782.0,0.0
5200,14,155,191,2017,9503.0,0.0
5201,14,156,191,2017,71823.0,0.0
5202,14,247,191,2017,757.0,0.0
5203,14,240,191,2017,96251.0,0.0
5204,14,195,191,2017,67636.0,0.0
5205,14,75,191,2017,33754.0,0.0
5206,14,56,191,2017,2017.0,0.0
5207,14,7,100,2017,11203224.0,295294.0
5208,14,8,100,2017,136071.0,737776.0
5209,14,15,100,2017,3870.0,0.0
5210,14,18,100,2017,0.0,3350.0
5211,14,24,100,2017,8359.0,0.0
5212,14,39,100,2017,452189.0,0.0
5213,14,41,100,2017,35799.0,0.0
5214,14,42,100,2017,46657.0,0.0
5215,14,43,100,2017,105285594.0,0.0
5216,14,49,100,2017,1463.0,0.0
5217,14,58,100,2017,35754.0,8459.0
5218,14,61,100,2017,217612.0,2252188.0
5219,14,64,100,2017,4949.0,0.0
5220,14,71,100,2017,43590.0,18613.0
5221,14,74,100,2017,19918.0,0.0
5222,14,77,100,2017,45826.0,7690.0
5223,14,81,100,2017,2703573.0,21805272.0
5224,14,97,100,2017,52413482.0,8176.0
5225,14,102,100,2017,551.0,27519.0
5226,14,103,100,2017,418390158.0,0.0
5227,14,106,100,2017,105189.0,7912305.0
5228,14,111,100,2017,0.0,14214.0
5229,14,113,100,2017,5420203.0,0.0
5230,14,114,100,2017,29454506.0,14056449.0
5231,14,121,100,2017,1291884.0,22398.0
5232,14,122,100,2017,57409743.0,0.0
5233,14,153,100,2017,26053541.0,0.0
5234,14,162,100,2017,1046174.0,5244563.0
5235,14,163,100,2017,1600.0,0.0
5236,14,166,100,2017,38280213.0,84435961.0
5237,14,174,100,2017,5370112.0,0.0
5238,14,177,100,2017,0.0,14076.0
5239,14,179,100,2017,0.0,2150.0
5240,14,192,100,2017,9293241.0,576024.0
5241,14,197,100,2017,1038.0,0.0
5242,14,207,100,2017,21650.0,0.0
5243,14,208,100,2017,7778.0,16535.0
5244,14,216,100,2017,4344857.0,0.0
5245,14,224,100,2017,29600533.0,0.0
5246,14,230,100,2017,28552.0,0.0
5247,14,231,100,2017,20009671.0,10780596.0
5248,14,246,100,2017,8686806.0,10926.0
5249,14,249,100,2017,3517535.0,0.0
5250,14,59,100,2017,1137.0,0.0
5251,14,124,100,2017,1633.0,0.0
5252,14,168,100,2017,10633900.0,0.0
5253,14,110,100,2017,29575875.0,62576.0
5254,14,128,100,2017,12644773.0,0.0
5255,14,183,100,2017,60380913.0,1686.0
5256,14,145,100,2017,1303.0,0.0
5257,14,239,100,2017,181673246.0,0.0
5258,14,22,100,2017,377994.0,0.0
5259,14,142,100,2017,8676.0,1656.0
5260,14,123,100,2017,1166169.0,0.0
5261,14,143,100,2017,824048.0,0.0
5262,14,30,100,2017,6128.0,0.0
5263,14,116,100,2017,24559.0,0.0
5264,14,151,100,2017,369836.0,0.0
5265,14,164,100,2017,201741.0,0.0
5266,14,167,100,2017,8174916.0,0.0
5267,14,201,100,2017,0.0,1539.0
5268,14,211,100,2017,425.0,395.0
5269,14,176,100,2017,56364.0,0.0
5270,14,34,100,2017,4291729.0,1777.0
5271,14,133,100,2017,3856189.0,0.0
5272,14,156,100,2017,104818.0,5975.0
5273,14,35,100,2017,76694.0,0.0
5274,14,182,100,2017,2303.0,0.0
5275,14,75,100,2017,47583.0,0.0
5276,14,1,101,2017,46009.0,0.0
5277,14,7,101,2017,197664760.0,33584.0
5278,14,15,101,2017,5451044.0,0.0
5279,14,18,101,2017,16079779.0,9731365.0
5280,14,23,101,2017,47481.0,0.0
5281,14,24,101,2017,25982885.0,0.0
5282,14,32,101,2017,13186818.0,1678579.0
5283,14,33,101,2017,122905.0,0.0
5284,14,39,101,2017,139835232.0,43548509.0
5285,14,41,101,2017,50829390.0,0.0
5286,14,43,101,2017,835631074.0,193210.0
5287,14,52,101,2017,29015.0,0.0
5288,14,55,101,2017,103990.0,0.0
5289,14,61,101,2017,23740357.0,1865611.0
5290,14,64,101,2017,2961766.0,138495882.0
5291,14,65,101,2017,1972177.0,0.0
5292,14,71,101,2017,561957.0,10915217.0
5293,14,74,101,2017,2139798.0,0.0
5294,14,77,101,2017,11600482.0,544346.0
5295,14,81,101,2017,86874208.0,1479681.0
5296,14,97,101,2017,166135843.0,0.0
5297,14,99,101,2017,15994.0,0.0
5298,14,103,101,2017,254723837.0,65902.0
5299,14,104,101,2017,307866.0,0.0
5300,14,106,101,2017,560101.0,22020938.0
5301,14,111,101,2017,20473713.0,16738696.0
5302,14,112,101,2017,10892408.0,0.0
5303,14,113,101,2017,64196443.0,0.0
5304,14,114,101,2017,1402027062.0,0.0
5305,14,118,101,2017,2747113.0,0.0
5306,14,121,101,2017,866160719.0,21128.0
5307,14,122,101,2017,64125523.0,0.0
5308,14,138,101,2017,12687993.0,0.0
5309,14,153,101,2017,143182703.0,2453.0
5310,14,160,101,2017,7338.0,0.0
5311,14,162,101,2017,99798464.0,86736738.0
5312,14,163,101,2017,139823.0,0.0
5313,14,166,101,2017,51018442.0,21903819.0
5314,14,169,101,2017,2241.0,0.0
5315,14,173,101,2017,820.0,0.0
5316,14,174,101,2017,117833490.0,0.0
5317,14,177,101,2017,133715.0,25061.0
5318,14,179,101,2017,315354.0,0.0
5319,14,188,101,2017,135628048.0,0.0
5320,14,192,101,2017,167558434.0,77193.0
5321,14,197,101,2017,32128.0,0.0
5322,14,206,101,2017,159611.0,0.0
5323,14,207,101,2017,458264.0,0.0
5324,14,208,101,2017,100812.0,149820.0
5325,14,216,101,2017,50462659.0,0.0
5326,14,222,101,2017,11402744.0,0.0
5327,14,224,101,2017,595231.0,37614.0
5328,14,231,101,2017,1681564618.0,184552141.0
5329,14,246,101,2017,21553884.0,0.0
5330,14,249,101,2017,223768747.0,0.0
5331,14,250,101,2017,11507.0,0.0
5332,14,59,101,2017,2777859.0,0.0
5333,14,124,101,2017,8649371.0,0.0
5334,14,127,101,2017,606961.0,0.0
5335,14,131,101,2017,94144.0,0.0
5336,14,168,101,2017,0.0,6776.0
5337,14,243,101,2017,49482.0,0.0
5338,14,2,101,2017,913070.0,0.0
5339,14,25,101,2017,3657349.0,0.0
5340,14,107,101,2017,31448545.0,0.0
5341,14,110,101,2017,13328137.0,0.0
5342,14,115,101,2017,9548.0,0.0
5343,14,128,101,2017,6107049.0,0.0
5344,14,183,101,2017,101023810.0,0.0
5345,14,228,101,2017,844832.0,0.0
5346,14,13,101,2017,109333.0,0.0
5347,14,54,101,2017,208352.0,0.0
5348,14,185,101,2017,130118.0,0.0
5349,14,186,101,2017,4556948.0,3383.0
5350,14,145,101,2017,97557.0,0.0
5351,14,226,101,2017,41478.0,0.0
5352,14,44,101,2017,363724.0,0.0
5353,14,140,101,2017,1604.0,0.0
5354,14,134,101,2017,3075240.0,0.0
5355,14,85,101,2017,122186.0,0.0
5356,14,239,101,2017,39709860.0,33228.0
5357,14,22,101,2017,248272.0,0.0
5358,14,142,101,2017,52836.0,0.0
5359,14,72,101,2017,373970.0,0.0
5360,14,19,101,2017,127505.0,0.0
5361,14,181,101,2017,4312842.0,0.0
5362,14,234,101,2017,5972.0,0.0
5363,14,123,101,2017,211900.0,0.0
5364,14,143,101,2017,661996.0,0.0
5365,14,191,101,2017,431698.0,0.0
5366,14,120,101,2017,485193.0,0.0
5367,14,16,101,2017,32230.0,0.0
5368,14,30,101,2017,78821.0,0.0
5369,14,80,101,2017,587690.0,0.0
5370,14,10,101,2017,1585469.0,0.0
5371,14,26,101,2017,72785.0,0.0
5372,14,68,101,2017,12746795.0,1917.0
5373,14,100,101,2017,0.0,535975.0
5374,14,108,101,2017,928499.0,0.0
5375,14,135,101,2017,820.0,0.0
5376,14,147,101,2017,111714.0,0.0
5377,14,151,101,2017,23139924.0,22185.0
5378,14,164,101,2017,127538.0,0.0
5379,14,167,101,2017,22411052.0,1727.0
5380,14,201,101,2017,1879.0,0.0
5381,14,223,101,2017,127289.0,0.0
5382,14,211,101,2017,1084296.0,0.0
5383,14,4,101,2017,39470.0,0.0
5384,14,144,101,2017,16158.0,0.0
5385,14,66,101,2017,866147.0,0.0
5386,14,83,101,2017,677770.0,0.0
5387,14,242,101,2017,2687942.0,0.0
5388,14,109,101,2017,72672.0,0.0
5389,14,220,101,2017,194113.0,0.0
5390,14,176,101,2017,99783034.0,40608.0
5391,14,34,101,2017,7618751.0,0.0
5392,14,89,101,2017,175478.0,0.0
5393,14,92,101,2017,239669.0,0.0
5394,14,133,101,2017,803530.0,0.0
5395,14,156,101,2017,5695581.0,0.0
5396,14,196,101,2017,10000.0,0.0
5397,14,229,101,2017,119785.0,0.0
5398,14,241,101,2017,51625.0,0.0
5399,14,40,101,2017,63918.0,0.0
5400,14,57,101,2017,175559.0,0.0
5401,14,165,101,2017,3855929.0,0.0
5402,14,194,101,2017,157937.0,0.0
5403,14,199,101,2017,23478.0,0.0
5404,14,158,101,2017,345291.0,0.0
5405,14,240,101,2017,3140461.0,0.0
5406,14,182,101,2017,1552906.0,0.0
5407,14,195,101,2017,5663046.0,0.0
5408,14,75,101,2017,9749324.0,37950.0
5409,14,48,101,2017,344774.0,0.0
5410,14,119,101,2017,2127138.0,0.0
5411,14,79,101,2017,106534.0,0.0
5412,14,137,101,2017,3971273.0,0.0
5413,14,95,101,2017,195104.0,0.0
5414,14,221,101,2017,5632137.0,0.0
5415,14,225,101,2017,91881.0,0.0
5416,14,11,101,2017,42762.0,0.0
5417,14,56,101,2017,675335.0,0.0
5418,14,7,102,2017,847295.0,121614.0
5419,14,8,102,2017,3360.0,5575509.0
5420,14,15,102,2017,42113.0,0.0
5421,14,18,102,2017,0.0,22504.0
5422,14,24,102,2017,33773.0,245882.0
5423,14,32,102,2017,1647.0,6574605.0
5424,14,39,102,2017,2440224.0,6360529.0
5425,14,41,102,2017,1145309.0,0.0
5426,14,42,102,2017,5914.0,1679729.0
5427,14,43,102,2017,227779665.0,100577408.0
5428,14,61,102,2017,1917024.0,327319.0
5429,14,64,102,2017,190712.0,61304529.0
5430,14,67,102,2017,0.0,37355.0
5431,14,71,102,2017,1995169.0,355284.0
5432,14,74,102,2017,61365.0,410745.0
5433,14,77,102,2017,1609606.0,2131154.0
5434,14,81,102,2017,729550.0,1478719.0
5435,14,90,102,2017,75776.0,252577.0
5436,14,97,102,2017,86764860.0,831265.0
5437,14,103,102,2017,10593152.0,25991915.0
5438,14,104,102,2017,0.0,2633362.0
5439,14,106,102,2017,0.0,178674.0
5440,14,111,102,2017,3854124.0,565833.0
5441,14,113,102,2017,11455.0,0.0
5442,14,114,102,2017,106912518.0,7604377.0
5443,14,121,102,2017,5477179.0,3007338.0
5444,14,122,102,2017,29413.0,0.0
5445,14,130,102,2017,0.0,5812.0
5446,14,138,102,2017,4901.0,84823.0
5447,14,153,102,2017,10151948.0,24801951.0
5448,14,160,102,2017,0.0,663346.0
5449,14,162,102,2017,2778485.0,613047.0
5450,14,163,102,2017,361447.0,51790813.0
5451,14,166,102,2017,5773624.0,135414849.0
5452,14,173,102,2017,0.0,193156.0
5453,14,174,102,2017,222189.0,1232143.0
5454,14,177,102,2017,294314.0,11977844.0
5455,14,179,102,2017,5854.0,420987.0
5456,14,188,102,2017,91916.0,399760.0
5457,14,192,102,2017,18612643.0,2989595.0
5458,14,208,102,2017,0.0,1697602.0
5459,14,216,102,2017,10029375.0,43777278.0
5460,14,230,102,2017,0.0,35961.0
5461,14,231,102,2017,47208263.0,17385338.0
5462,14,246,102,2017,27528.0,14959222.0
5463,14,249,102,2017,13691930.0,35641667.0
5464,14,29,102,2017,0.0,239656.0
5465,14,59,102,2017,22704.0,0.0
5466,14,124,102,2017,4416.0,0.0
5467,14,131,102,2017,20553.0,0.0
5468,14,168,102,2017,0.0,14533.0
5469,14,25,102,2017,0.0,3174702.0
5470,14,107,102,2017,1113644.0,0.0
5471,14,110,102,2017,65292.0,0.0
5472,14,128,102,2017,97667.0,1428931.0
5473,14,183,102,2017,72307.0,0.0
5474,14,228,102,2017,0.0,8998.0
5475,14,54,102,2017,0.0,1204910.0
5476,14,186,102,2017,0.0,1280952.0
5477,14,226,102,2017,0.0,1697406.0
5478,14,44,102,2017,167665.0,0.0
5479,14,239,102,2017,345057114.0,84716914.0
5480,14,22,102,2017,28102.0,2791366.0
5481,14,159,102,2017,0.0,1736.0
5482,14,142,102,2017,39616.0,40370.0
5483,14,237,102,2017,0.0,129764.0
5484,14,19,102,2017,10748.0,0.0
5485,14,143,102,2017,12033.0,4403164.0
5486,14,10,102,2017,542731.0,0.0
5487,14,100,102,2017,1470.0,0.0
5488,14,116,102,2017,0.0,532024.0
5489,14,132,102,2017,0.0,45105.0
5490,14,147,102,2017,0.0,456734.0
5491,14,151,102,2017,10574147.0,616027.0
5492,14,201,102,2017,408.0,7531.0
5493,14,227,102,2017,0.0,76974.0
5494,14,83,102,2017,33997.0,344.0
5495,14,139,102,2017,0.0,27096.0
5496,14,109,102,2017,6190.0,327754.0
5497,14,220,102,2017,10358.0,0.0
5498,14,176,102,2017,1083722.0,2169671.0
5499,14,34,102,2017,51417.0,1242731.0
5500,14,45,102,2017,46303.0,0.0
5501,14,133,102,2017,411151.0,0.0
5502,14,155,102,2017,0.0,5442993.0
5503,14,156,102,2017,5403.0,767626.0
5504,14,247,102,2017,0.0,1671.0
5505,14,165,102,2017,177691.0,0.0
5506,14,194,102,2017,0.0,953760.0
5507,14,158,102,2017,10797.0,0.0
5508,14,240,102,2017,67911.0,78588.0
5509,14,195,102,2017,72080.0,0.0
5510,14,75,102,2017,521664.0,180967.0
5511,14,48,102,2017,0.0,63454.0
5512,14,119,102,2017,8389.0,2893.0
5513,14,137,102,2017,1491726.0,1218377.0
5514,14,95,102,2017,135707.0,0.0
5515,14,221,102,2017,35437.0,237269.0
5516,14,56,102,2017,18955.0,0.0
5517,14,7,104,2017,182939.0,0.0
5518,14,8,104,2017,81112.0,1431408.0
5519,14,15,104,2017,716072.0,205121.0
5520,14,18,104,2017,955246.0,243132.0
5521,14,24,104,2017,13316.0,0.0
5522,14,32,104,2017,2021023.0,968461.0
5523,14,39,104,2017,3804220.0,3603835.0
5524,14,41,104,2017,5156512.0,89138.0
5525,14,42,104,2017,177916.0,461562.0
5526,14,43,104,2017,43199175.0,4453961.0
5527,14,49,104,2017,0.0,229058.0
5528,14,52,104,2017,159928.0,0.0
5529,14,61,104,2017,4991485.0,1980465.0
5530,14,64,104,2017,266318.0,152659.0
5531,14,67,104,2017,4399.0,0.0
5532,14,71,104,2017,183341.0,130786.0
5533,14,74,104,2017,626772.0,473084.0
5534,14,77,104,2017,2648972.0,1132764.0
5535,14,81,104,2017,868832.0,716360.0
5536,14,90,104,2017,0.0,11627.0
5537,14,97,104,2017,36128838.0,141043.0
5538,14,99,104,2017,1809.0,0.0
5539,14,103,104,2017,4502764.0,109635.0
5540,14,104,104,2017,29459.0,344973.0
5541,14,106,104,2017,57853.0,67592.0
5542,14,111,104,2017,90074.0,53791.0
5543,14,113,104,2017,118992.0,0.0
5544,14,114,104,2017,26854278.0,5911.0
5545,14,121,104,2017,12810776.0,1063483.0
5546,14,122,104,2017,28346.0,0.0
5547,14,130,104,2017,2441.0,0.0
5548,14,138,104,2017,152413.0,0.0
5549,14,153,104,2017,5330635.0,5565.0
5550,14,162,104,2017,970432.0,265897.0
5551,14,163,104,2017,647950.0,4502.0
5552,14,166,104,2017,3218048.0,18393522.0
5553,14,174,104,2017,469901.0,46668.0
5554,14,177,104,2017,45972.0,25785.0
5555,14,180,104,2017,68621.0,0.0
5556,14,188,104,2017,162529.0,0.0
5557,14,192,104,2017,1700413.0,6733.0
5558,14,197,104,2017,17498.0,0.0
5559,14,207,104,2017,11895.0,0.0
5560,14,208,104,2017,10495.0,9948.0
5561,14,216,104,2017,3552379.0,2100705.0
5562,14,224,104,2017,200023.0,0.0
5563,14,230,104,2017,53939.0,0.0
5564,14,231,104,2017,47297657.0,21376354.0
5565,14,236,104,2017,0.0,67636.0
5566,14,246,104,2017,3809434.0,237087.0
5567,14,249,104,2017,2772124.0,1573956.0
5568,14,250,104,2017,124994.0,0.0
5569,14,59,104,2017,49953.0,36062.0
5570,14,127,104,2017,1053.0,0.0
5571,14,168,104,2017,81202.0,0.0
5572,14,107,104,2017,2774.0,0.0
5573,14,110,104,2017,49581.0,52275.0
5574,14,128,104,2017,555689.0,19804.0
5575,14,183,104,2017,2796.0,0.0
5576,14,185,104,2017,0.0,1416672.0
5577,14,186,104,2017,20833.0,0.0
5578,14,226,104,2017,0.0,42476.0
5579,14,134,104,2017,548532.0,0.0
5580,14,239,104,2017,1671582.0,231653.0
5581,14,72,104,2017,39554.0,0.0
5582,14,19,104,2017,2064.0,0.0
5583,14,26,104,2017,15997.0,0.0
5584,14,68,104,2017,779757.0,0.0
5585,14,100,104,2017,0.0,410403.0
5586,14,116,104,2017,13224.0,0.0
5587,14,117,104,2017,0.0,381.0
5588,14,151,104,2017,98351.0,529126.0
5589,14,167,104,2017,1438.0,0.0
5590,14,66,104,2017,557444.0,0.0
5591,14,83,104,2017,0.0,358.0
5592,14,220,104,2017,5322.0,0.0
5593,14,176,104,2017,1128645.0,3757.0
5594,14,34,104,2017,4122.0,0.0
5595,14,155,104,2017,2011.0,1027.0
5596,14,156,104,2017,352728.0,0.0
5597,14,247,104,2017,15202.0,753.0
5598,14,165,104,2017,1842.0,0.0
5599,14,240,104,2017,5615.0,0.0
5600,14,195,104,2017,0.0,11429.0
5601,14,75,104,2017,27613.0,15531.0
5602,14,76,104,2017,25703.0,0.0
5603,14,7,109,2017,105044918.0,78346.0
5604,14,8,109,2017,7303.0,247170.0
5605,14,15,109,2017,3917.0,0.0
5606,14,18,109,2017,254227.0,846049.0
5607,14,24,109,2017,14949883.0,0.0
5608,14,32,109,2017,45844.0,0.0
5609,14,39,109,2017,703862.0,44655.0
5610,14,41,109,2017,18422.0,0.0
5611,14,42,109,2017,14979.0,3213.0
5612,14,43,109,2017,1261057325.0,1262404.0
5613,14,49,109,2017,274091.0,0.0
5614,14,61,109,2017,2761923.0,11464.0
5615,14,71,109,2017,1245473.0,1107313.0
5616,14,77,109,2017,3871.0,229716.0
5617,14,81,109,2017,3219985.0,1333525.0
5618,14,90,109,2017,0.0,78608.0
5619,14,97,109,2017,4505586.0,54475.0
5620,14,103,109,2017,944575975.0,15188.0
5621,14,104,109,2017,289135893.0,43447854.0
5622,14,111,109,2017,61797991.0,5307606.0
5623,14,113,109,2017,8497004.0,15994.0
5624,14,114,109,2017,301839136.0,1311157.0
5625,14,118,109,2017,4886202.0,473765.0
5626,14,121,109,2017,222212733.0,1119564.0
5627,14,122,109,2017,138478376.0,0.0
5628,14,138,109,2017,9153541.0,0.0
5629,14,153,109,2017,169965314.0,6381.0
5630,14,162,109,2017,108730.0,0.0
5631,14,166,109,2017,153257925.0,933994.0
5632,14,173,109,2017,2138125.0,2677668.0
5633,14,174,109,2017,318699074.0,3055.0
5634,14,177,109,2017,0.0,2404.0
5635,14,179,109,2017,0.0,8732.0
5636,14,180,109,2017,0.0,145243.0
5637,14,188,109,2017,122883496.0,0.0
5638,14,192,109,2017,27718682.0,14724.0
5639,14,206,109,2017,7890.0,0.0
5640,14,208,109,2017,301575.0,0.0
5641,14,216,109,2017,115068674.0,53896804.0
5642,14,224,109,2017,71720.0,39129.0
5643,14,230,109,2017,12737.0,0.0
5644,14,231,109,2017,677395.0,11512063.0
5645,14,246,109,2017,17739842.0,231216.0
5646,14,249,109,2017,97068795.0,659515.0
5647,14,124,109,2017,10191572.0,10971.0
5648,14,168,109,2017,1300433.0,14924731.0
5649,14,243,109,2017,193332880.0,0.0
5650,14,107,109,2017,0.0,103682.0
5651,14,110,109,2017,22704598.0,4814.0
5652,14,128,109,2017,25423335.0,634725.0
5653,14,183,109,2017,5472885.0,0.0
5654,14,228,109,2017,0.0,88347.0
5655,14,73,109,2017,0.0,1587.0
5656,14,186,109,2017,161220.0,75637.0
5657,14,31,109,2017,24557.0,553985.0
5658,14,145,109,2017,142399.0,0.0
5659,14,226,109,2017,526376.0,0.0
5660,14,134,109,2017,13766505.0,0.0
5661,14,239,109,2017,394134728.0,5256447.0
5662,14,22,109,2017,102288507.0,408307.0
5663,14,159,109,2017,110993200.0,0.0
5664,14,181,109,2017,393725.0,0.0
5665,14,123,109,2017,79645.0,27490.0
5666,14,143,109,2017,53451615.0,3219.0
5667,14,68,109,2017,54770882.0,0.0
5668,14,108,109,2017,50335752.0,0.0
5669,14,116,109,2017,22052456.0,0.0
5670,14,147,109,2017,1686808.0,0.0
5671,14,151,109,2017,12381466.0,0.0
5672,14,152,109,2017,2241610.0,0.0
5673,14,164,109,2017,0.0,980.0
5674,14,167,109,2017,16936099.0,0.0
5675,14,201,109,2017,1414.0,0.0
5676,14,227,109,2017,4985757.0,0.0
5677,14,66,109,2017,4974628.0,0.0
5678,14,83,109,2017,6309.0,933.0
5679,14,242,109,2017,1356862.0,0.0
5680,14,109,109,2017,17677.0,0.0
5681,14,220,109,2017,2406.0,2171.0
5682,14,176,109,2017,44158987.0,0.0
5683,14,34,109,2017,270685.0,0.0
5684,14,37,109,2017,16100.0,0.0
5685,14,133,109,2017,15608.0,0.0
5686,14,156,109,2017,7701410.0,0.0
5687,14,196,109,2017,20924.0,0.0
5688,14,247,109,2017,1126.0,0.0
5689,14,182,109,2017,553248.0,0.0
5690,14,195,109,2017,9223301.0,0.0
5691,14,75,109,2017,37290244.0,0.0
5692,14,175,109,2017,93785.0,0.0
5693,14,119,109,2017,1526.0,0.0
5694,14,137,109,2017,80434.0,0.0
5695,14,221,109,2017,5950.0,0.0
5696,14,7,110,2017,6159612.0,0.0
5697,14,8,110,2017,10560.0,250864.0
5698,14,15,110,2017,0.0,43935.0
5699,14,18,110,2017,0.0,4017299.0
5700,14,24,110,2017,45915.0,0.0
5701,14,32,110,2017,0.0,275359.0
5702,14,39,110,2017,109085.0,1749467.0
5703,14,41,110,2017,4718.0,0.0
5704,14,42,110,2017,20534.0,413139.0
5705,14,43,110,2017,4814180.0,13367252.0
5706,14,49,110,2017,0.0,15155.0
5707,14,55,110,2017,433943.0,0.0
5708,14,61,110,2017,1660798.0,8948882.0
5709,14,64,110,2017,0.0,1355887.0
5710,14,65,110,2017,1078.0,0.0
5711,14,67,110,2017,0.0,2035.0
5712,14,71,110,2017,0.0,1221350.0
5713,14,74,110,2017,14181.0,452819.0
5714,14,77,110,2017,121593.0,1718453.0
5715,14,81,110,2017,1485241.0,2133456.0
5716,14,90,110,2017,44852.0,3948.0
5717,14,96,110,2017,1820.0,0.0
5718,14,97,110,2017,2695051.0,1358330.0
5719,14,99,110,2017,6469.0,0.0
5720,14,103,110,2017,15468794.0,347238.0
5721,14,104,110,2017,7263277.0,10038094.0
5722,14,106,110,2017,10433.0,0.0
5723,14,111,110,2017,0.0,10012058.0
5724,14,113,110,2017,0.0,6780.0
5725,14,114,110,2017,54297612.0,806509.0
5726,14,118,110,2017,5204204.0,0.0
5727,14,121,110,2017,49426526.0,431836.0
5728,14,122,110,2017,7077701.0,0.0
5729,14,130,110,2017,0.0,427279.0
5730,14,138,110,2017,7312.0,244869.0
5731,14,153,110,2017,27868436.0,132293.0
5732,14,162,110,2017,999105.0,6245362.0
5733,14,163,110,2017,1378.0,1717.0
5734,14,166,110,2017,18412362.0,8630878.0
5735,14,173,110,2017,0.0,581516.0
5736,14,174,110,2017,29807833.0,386450.0
5737,14,177,110,2017,0.0,2867572.0
5738,14,179,110,2017,0.0,142117.0
5739,14,188,110,2017,6268800.0,0.0
5740,14,192,110,2017,10337349.0,484465.0
5741,14,207,110,2017,10982.0,0.0
5742,14,208,110,2017,0.0,731661.0
5743,14,216,110,2017,41401779.0,9742272.0
5744,14,224,110,2017,15626.0,845962.0
5745,14,231,110,2017,126392525.0,14203580.0
5746,14,246,110,2017,4565306.0,2740797.0
5747,14,249,110,2017,16621069.0,818117.0
5748,14,29,110,2017,0.0,8568.0
5749,14,59,110,2017,3411.0,18008.0
5750,14,124,110,2017,7104.0,2929.0
5751,14,168,110,2017,450034.0,516528.0
5752,14,107,110,2017,53902.0,5331.0
5753,14,110,110,2017,26184.0,3117.0
5754,14,128,110,2017,86762.0,1158771.0
5755,14,183,110,2017,1879419.0,0.0
5756,14,228,110,2017,0.0,37412.0
5757,14,73,110,2017,0.0,10392.0
5758,14,185,110,2017,12253.0,0.0
5759,14,186,110,2017,688.0,26624.0
5760,14,31,110,2017,0.0,58487.0
5761,14,226,110,2017,0.0,29894.0
5762,14,44,110,2017,0.0,7688.0
5763,14,239,110,2017,64118020.0,636526.0
5764,14,22,110,2017,147771.0,0.0
5765,14,159,110,2017,0.0,12205.0
5766,14,181,110,2017,0.0,1763.0
5767,14,123,110,2017,8856.0,0.0
5768,14,143,110,2017,46360483.0,11746.0
5769,14,26,110,2017,0.0,1409.0
5770,14,68,110,2017,11556.0,0.0
5771,14,116,110,2017,27633.0,0.0
5772,14,135,110,2017,0.0,5218.0
5773,14,151,110,2017,929223.0,0.0
5774,14,164,110,2017,16226.0,34236.0
5775,14,167,110,2017,15084.0,0.0
5776,14,201,110,2017,0.0,9758.0
5777,14,4,110,2017,0.0,1489.0
5778,14,248,110,2017,0.0,19050.0
5779,14,83,110,2017,0.0,6718.0
5780,14,139,110,2017,125205.0,0.0
5781,14,242,110,2017,285278.0,0.0
5782,14,141,110,2017,47394.0,0.0
5783,14,220,110,2017,86380.0,0.0
5784,14,176,110,2017,2574666.0,0.0
5785,14,34,110,2017,104883.0,0.0
5786,14,133,110,2017,1897.0,0.0
5787,14,156,110,2017,562429.0,0.0
5788,14,247,110,2017,2057746.0,0.0
5789,14,165,110,2017,42068.0,0.0
5790,14,199,110,2017,2534.0,0.0
5791,14,158,110,2017,10069.0,0.0
5792,14,240,110,2017,1433254.0,0.0
5793,14,182,110,2017,107506.0,0.0
5794,14,195,110,2017,1022834.0,0.0
5795,14,75,110,2017,2115539.0,101630.0
5796,14,175,110,2017,1155.0,0.0
5797,14,119,110,2017,31863.0,0.0
5798,14,79,110,2017,270449.0,0.0
5799,14,137,110,2017,30558.0,0.0
5800,14,146,110,2017,172553.0,0.0
5801,14,56,110,2017,33580.0,0.0
5802,14,1,111,2017,0.0,6838.0
5803,14,7,111,2017,8699513.0,233648.0
5804,14,8,111,2017,6019045.0,13580391.0
5805,14,15,111,2017,137494.0,175482.0
5806,14,18,111,2017,339768415.0,77058.0
5807,14,23,111,2017,0.0,2904291.0
5808,14,24,111,2017,437409.0,0.0
5809,14,32,111,2017,1492574.0,2662508.0
5810,14,33,111,2017,25744.0,0.0
5811,14,39,111,2017,2507905.0,1132261.0
5812,14,41,111,2017,997377.0,21908.0
5813,14,42,111,2017,839117.0,6308368.0
5814,14,43,111,2017,161779416.0,26392345.0
5815,14,49,111,2017,552520.0,0.0
5816,14,52,111,2017,83883.0,220754.0
5817,14,61,111,2017,382720740.0,3734076.0
5818,14,64,111,2017,29530107.0,924692.0
5819,14,65,111,2017,2647.0,0.0
5820,14,67,111,2017,3338.0,0.0
5821,14,71,111,2017,1061891.0,788507.0
5822,14,74,111,2017,11179.0,6020.0
5823,14,77,111,2017,142294975.0,16360567.0
5824,14,81,111,2017,38904257.0,4851039.0
5825,14,90,111,2017,19997.0,660735.0
5826,14,93,111,2017,0.0,571728.0
5827,14,97,111,2017,1939281.0,349937.0
5828,14,99,111,2017,2409.0,1650203.0
5829,14,102,111,2017,249586.0,1212406.0
5830,14,103,111,2017,2752770.0,699389.0
5831,14,104,111,2017,5261488.0,16618424.0
5832,14,106,111,2017,850.0,0.0
5833,14,111,111,2017,2055024.0,1517307.0
5834,14,112,111,2017,0.0,2199.0
5835,14,113,111,2017,450399.0,2323.0
5836,14,114,111,2017,186564964.0,2484626.0
5837,14,121,111,2017,85512827.0,457241.0
5838,14,122,111,2017,186455.0,0.0
5839,14,130,111,2017,0.0,2516.0
5840,14,138,111,2017,2410451.0,1564778.0
5841,14,153,111,2017,11069663.0,379855.0
5842,14,160,111,2017,45122.0,3373956.0
5843,14,162,111,2017,86609892.0,26480772.0
5844,14,163,111,2017,107559.0,0.0
5845,14,166,111,2017,17352045.0,25301144.0
5846,14,173,111,2017,136641.0,3844829.0
5847,14,174,111,2017,4233276.0,19735.0
5848,14,177,111,2017,12776094.0,63541.0
5849,14,179,111,2017,25780465.0,0.0
5850,14,180,111,2017,401930.0,2017299.0
5851,14,188,111,2017,14572131.0,0.0
5852,14,190,111,2017,1827228.0,0.0
5853,14,192,111,2017,532763.0,109713.0
5854,14,206,111,2017,11605.0,23265.0
5855,14,207,111,2017,276118.0,634495.0
5856,14,208,111,2017,1569.0,0.0
5857,14,216,111,2017,1580443.0,2749006.0
5858,14,224,111,2017,919342.0,879052.0
5859,14,230,111,2017,931925.0,242866.0
5860,14,231,111,2017,22095475.0,36104326.0
5861,14,246,111,2017,5452039.0,1488978.0
5862,14,249,111,2017,24368750.0,528481.0
5863,14,250,111,2017,33817138.0,0.0
5864,14,29,111,2017,15456.0,0.0
5865,14,59,111,2017,23910.0,57964.0
5866,14,124,111,2017,197404.0,16475.0
5867,14,168,111,2017,20599702.0,68675.0
5868,14,25,111,2017,6360.0,0.0
5869,14,107,111,2017,4567.0,169330.0
5870,14,110,111,2017,72706.0,1852040.0
5871,14,115,111,2017,56455.0,0.0
5872,14,128,111,2017,145748.0,1446380.0
5873,14,183,111,2017,621695.0,0.0
5874,14,228,111,2017,250453.0,306311.0
5875,14,73,111,2017,5651.0,207674.0
5876,14,185,111,2017,0.0,128343.0
5877,14,186,111,2017,769615.0,26180.0
5878,14,31,111,2017,22554.0,173124.0
5879,14,145,111,2017,2355.0,2639.0
5880,14,226,111,2017,49656.0,626240.0
5881,14,44,111,2017,0.0,1520.0
5882,14,140,111,2017,1455.0,19821.0
5883,14,134,111,2017,737754.0,820623.0
5884,14,239,111,2017,4822519.0,215529.0
5885,14,22,111,2017,1052903.0,0.0
5886,14,159,111,2017,0.0,558699.0
5887,14,142,111,2017,27345.0,0.0
5888,14,123,111,2017,14176.0,0.0
5889,14,143,111,2017,13013.0,4043.0
5890,14,191,111,2017,6746.0,0.0
5891,14,16,111,2017,6488.0,0.0
5892,14,26,111,2017,1495.0,9018.0
5893,14,28,111,2017,22286.0,0.0
5894,14,68,111,2017,17925783.0,1334315.0
5895,14,100,111,2017,1065.0,103113.0
5896,14,116,111,2017,484702.0,1878512.0
5897,14,117,111,2017,9372.0,0.0
5898,14,132,111,2017,0.0,18304.0
5899,14,135,111,2017,17583.0,104469.0
5900,14,151,111,2017,14341.0,0.0
5901,14,152,111,2017,1200.0,0.0
5902,14,164,111,2017,12104247.0,14588.0
5903,14,167,111,2017,138788.0,0.0
5904,14,201,111,2017,63385.0,7811.0
5905,14,223,111,2017,46085.0,0.0
5906,14,232,111,2017,3911.0,3479.0
5907,14,227,111,2017,35817.0,0.0
5908,14,4,111,2017,0.0,125159.0
5909,14,144,111,2017,6615.0,0.0
5910,14,248,111,2017,32460.0,0.0
5911,14,9,111,2017,1527.0,0.0
5912,14,66,111,2017,129976.0,0.0
5913,14,83,111,2017,3313.0,1200.0
5914,14,242,111,2017,41262.0,24743.0
5915,14,109,111,2017,12927.0,0.0
5916,14,136,111,2017,59587.0,23558.0
5917,14,176,111,2017,3098168.0,299146.0
5918,14,34,111,2017,212826.0,0.0
5919,14,37,111,2017,156512.0,0.0
5920,14,133,111,2017,18899.0,0.0
5921,14,155,111,2017,0.0,21409.0
5922,14,156,111,2017,941572.0,0.0
5923,14,196,111,2017,7315.0,1124.0
5924,14,215,111,2017,158788.0,0.0
5925,14,35,111,2017,1917.0,0.0
5926,14,57,111,2017,9073.0,0.0
5927,14,158,111,2017,31000.0,0.0
5928,14,240,111,2017,97524.0,49218.0
5929,14,129,111,2017,0.0,28126.0
5930,14,182,111,2017,24976.0,0.0
5931,14,195,111,2017,16950.0,298220.0
5932,14,75,111,2017,1406786.0,20437.0
5933,14,48,111,2017,1743.0,0.0
5934,14,137,111,2017,101134.0,0.0
5935,14,221,111,2017,7699.0,0.0
5936,14,56,111,2017,2016.0,0.0
5937,14,7,112,2017,14576.0,8277.0
5938,14,8,112,2017,104199.0,0.0
5939,14,15,112,2017,14300.0,0.0
5940,14,18,112,2017,18937.0,115751.0
5941,14,23,112,2017,0.0,23007.0
5942,14,32,112,2017,15790.0,642572.0
5943,14,39,112,2017,377029.0,141031.0
5944,14,41,112,2017,16507.0,1104015.0
5945,14,42,112,2017,4728.0,560806.0
5946,14,43,112,2017,243889.0,21410211.0
5947,14,52,112,2017,0.0,198029.0
5948,14,61,112,2017,615719.0,5009327.0
5949,14,64,112,2017,1457.0,895382.0
5950,14,71,112,2017,2040752.0,4925808.0
5951,14,74,112,2017,6610.0,1444.0
5952,14,77,112,2017,859478.0,2662990.0
5953,14,81,112,2017,775844.0,1628143.0
5954,14,90,112,2017,0.0,107707.0
5955,14,93,112,2017,0.0,23612.0
5956,14,96,112,2017,1690.0,0.0
5957,14,97,112,2017,44623.0,30304.0
5958,14,103,112,2017,87634.0,1828432.0
5959,14,104,112,2017,98684.0,12882185.0
5960,14,106,112,2017,0.0,32137.0
5961,14,111,112,2017,3001723.0,7332050.0
5962,14,113,112,2017,17109.0,0.0
5963,14,114,112,2017,533690.0,309977.0
5964,14,121,112,2017,348808.0,336171.0
5965,14,122,112,2017,3174.0,0.0
5966,14,130,112,2017,5034.0,0.0
5967,14,138,112,2017,0.0,1432860.0
5968,14,153,112,2017,189623.0,230266.0
5969,14,162,112,2017,1194934.0,2511811.0
5970,14,163,112,2017,0.0,1821.0
5971,14,166,112,2017,1451637.0,1319043.0
5972,14,173,112,2017,20905.0,55905.0
5973,14,174,112,2017,176896.0,3681696.0
5974,14,177,112,2017,11235.0,0.0
5975,14,179,112,2017,13652.0,22334.0
5976,14,188,112,2017,0.0,248269.0
5977,14,192,112,2017,42823.0,523354.0
5978,14,197,112,2017,0.0,10696.0
5979,14,207,112,2017,5398.0,66374.0
5980,14,208,112,2017,0.0,12255.0
5981,14,216,112,2017,257830.0,451428.0
5982,14,222,112,2017,6988.0,0.0
5983,14,224,112,2017,12795.0,148084.0
5984,14,231,112,2017,31399957.0,16929654.0
5985,14,246,112,2017,119485.0,23401.0
5986,14,249,112,2017,71065.0,176343.0
5987,14,59,112,2017,0.0,25419.0
5988,14,168,112,2017,0.0,104830.0
5989,14,107,112,2017,184084.0,469474.0
5990,14,110,112,2017,0.0,257856.0
5991,14,128,112,2017,15549.0,8182.0
5992,14,73,112,2017,1184.0,0.0
5993,14,185,112,2017,3068.0,0.0
5994,14,186,112,2017,7180.0,32726.0
5995,14,31,112,2017,0.0,470.0
5996,14,134,112,2017,0.0,123948.0
5997,14,239,112,2017,25360.0,25192.0
5998,14,142,112,2017,0.0,1643.0
5999,14,26,112,2017,0.0,1776.0
6000,14,28,112,2017,344.0,0.0
6001,14,68,112,2017,0.0,14009.0
6002,14,116,112,2017,269298.0,0.0
6003,14,167,112,2017,0.0,8573.0
6004,14,211,112,2017,1896.0,0.0
6005,14,242,112,2017,4005.0,0.0
6006,14,136,112,2017,0.0,59981.0
6007,14,176,112,2017,34468.0,0.0
6008,14,34,112,2017,913.0,0.0
6009,14,156,112,2017,13375.0,0.0
6010,14,101,112,2017,7126.0,0.0
6011,14,75,112,2017,134009.0,9338.0
6012,14,137,112,2017,1783.0,0.0
6013,14,7,113,2017,5228.0,2300.0
6014,14,18,113,2017,0.0,1953.0
6015,14,43,113,2017,0.0,1855790.0
6016,14,61,113,2017,3600.0,8276.0
6017,14,64,113,2017,0.0,1025.0
6018,14,71,113,2017,59526.0,0.0
6019,14,77,113,2017,0.0,13837.0
6020,14,81,113,2017,0.0,103680.0
6021,14,97,113,2017,2624.0,89039.0
6022,14,103,113,2017,6174.0,296272.0
6023,14,104,113,2017,6252.0,410546.0
6024,14,111,113,2017,0.0,2325.0
6025,14,113,113,2017,0.0,2526.0
6026,14,114,113,2017,130194.0,18320.0
6027,14,121,113,2017,25897.0,14911.0
6028,14,138,113,2017,0.0,49985.0
6029,14,153,113,2017,0.0,82114.0
6030,14,162,113,2017,0.0,108036.0
6031,14,163,113,2017,33575.0,0.0
6032,14,166,113,2017,41880.0,120015.0
6033,14,174,113,2017,0.0,11084.0
6034,14,177,113,2017,0.0,10084.0
6035,14,192,113,2017,1635.0,138285.0
6036,14,216,113,2017,0.0,331619.0
6037,14,224,113,2017,0.0,4697.0
6038,14,231,113,2017,24095.0,213111.0
6039,14,249,113,2017,0.0,48978.0
6040,14,124,113,2017,0.0,17501.0
6041,14,168,113,2017,0.0,20528.0
6042,14,107,113,2017,0.0,2275.0
6043,14,128,113,2017,0.0,310086.0
6044,14,239,113,2017,0.0,123540.0
6045,14,143,113,2017,0.0,3867.0
6046,14,68,113,2017,0.0,2001.0
6047,14,164,113,2017,0.0,17734.0
6048,14,136,113,2017,0.0,35800.0
6049,14,220,113,2017,964.0,0.0
6050,14,176,113,2017,20275.0,0.0
6051,14,195,113,2017,2150.0,0.0
6052,14,75,113,2017,13030.0,89890.0
6053,14,137,113,2017,1138.0,0.0
6054,14,7,114,2017,946219.0,188022.0
6055,14,8,114,2017,128409.0,24259422.0
6056,14,15,114,2017,12024.0,157761.0
6057,14,18,114,2017,665924.0,1065206.0
6058,14,23,114,2017,20058.0,19255.0
6059,14,24,114,2017,151314.0,0.0
6060,14,32,114,2017,0.0,7962965.0
6061,14,39,114,2017,1410638.0,1025034.0
6062,14,41,114,2017,42612.0,630068.0
6063,14,42,114,2017,147705.0,1348419.0
6064,14,43,114,2017,98601382.0,13078203.0
6065,14,49,114,2017,33324.0,1573820.0
6066,14,52,114,2017,74383.0,0.0
6067,14,58,114,2017,0.0,7401.0
6068,14,61,114,2017,1336390.0,3915589.0
6069,14,64,114,2017,6569.0,21690.0
6070,14,65,114,2017,686191.0,0.0
6071,14,67,114,2017,0.0,3068.0
6072,14,71,114,2017,1535464.0,84827496.0
6073,14,74,114,2017,11427.0,30490.0
6074,14,77,114,2017,166945.0,2396806.0
6075,14,81,114,2017,15894254.0,2470213.0
6076,14,90,114,2017,0.0,5883654.0
6077,14,97,114,2017,5148904.0,532315.0
6078,14,102,114,2017,497.0,26757.0
6079,14,103,114,2017,19822624.0,21068723.0
6080,14,104,114,2017,954775.0,7860593.0
6081,14,106,114,2017,14828.0,43501.0
6082,14,111,114,2017,982945.0,25120705.0
6083,14,112,114,2017,318510.0,0.0
6084,14,113,114,2017,375023.0,13686.0
6085,14,114,114,2017,15438200.0,1482894.0
6086,14,118,114,2017,241485.0,0.0
6087,14,121,114,2017,22205062.0,1824794.0
6088,14,122,114,2017,20606.0,0.0
6089,14,138,114,2017,976704.0,482222.0
6090,14,153,114,2017,14678519.0,231260551.0
6091,14,162,114,2017,2256814.0,7024091.0
6092,14,163,114,2017,1333285.0,2869954.0
6093,14,166,114,2017,51520454.0,8728077.0
6094,14,169,114,2017,0.0,55976.0
6095,14,173,114,2017,0.0,9904966.0
6096,14,174,114,2017,9377079.0,3582843.0
6097,14,177,114,2017,11752.0,10372.0
6098,14,179,114,2017,12388.0,214742.0
6099,14,188,114,2017,790577.0,13259.0
6100,14,192,114,2017,182703416.0,15691370.0
6101,14,206,114,2017,17262.0,0.0
6102,14,207,114,2017,3112.0,54252.0
6103,14,208,114,2017,20239.0,2822177.0
6104,14,216,114,2017,8102292.0,15109854.0
6105,14,222,114,2017,485280.0,0.0
6106,14,224,114,2017,113104.0,3689285.0
6107,14,230,114,2017,491418.0,1572.0
6108,14,231,114,2017,31577703.0,33891848.0
6109,14,246,114,2017,484936.0,504690.0
6110,14,249,114,2017,26090360.0,1448559.0
6111,14,250,114,2017,15268.0,0.0
6112,14,29,114,2017,0.0,1347.0
6113,14,59,114,2017,979.0,0.0
6114,14,124,114,2017,197627.0,1042707.0
6115,14,168,114,2017,6457036.0,19184.0
6116,14,107,114,2017,50214.0,45444.0
6117,14,110,114,2017,96340.0,220611.0
6118,14,115,114,2017,12450.0,0.0
6119,14,128,114,2017,1166737.0,13467213.0
6120,14,183,114,2017,31375.0,0.0
6121,14,212,114,2017,0.0,160285.0
6122,14,228,114,2017,53014.0,5527855.0
6123,14,185,114,2017,0.0,692110.0
6124,14,186,114,2017,714356.0,4791.0
6125,14,145,114,2017,76214.0,0.0
6126,14,226,114,2017,3710.0,2608.0
6127,14,140,114,2017,2194.0,1648.0
6128,14,134,114,2017,64451.0,463545.0
6129,14,239,114,2017,5893837.0,296052.0
6130,14,22,114,2017,177435.0,113042.0
6131,14,159,114,2017,6441682.0,3363.0
6132,14,142,114,2017,546560.0,0.0
6133,14,181,114,2017,0.0,19815.0
6134,14,143,114,2017,66280.0,960.0
6135,14,10,114,2017,0.0,940406.0
6136,14,28,114,2017,1003.0,0.0
6137,14,68,114,2017,822195.0,36251.0
6138,14,116,114,2017,0.0,227167.0
6139,14,135,114,2017,564.0,0.0
6140,14,151,114,2017,1548663.0,1412390.0
6141,14,164,114,2017,696099.0,4737.0
6142,14,167,114,2017,5007.0,0.0
6143,14,187,114,2017,881.0,0.0
6144,14,201,114,2017,2075.0,10170.0
6145,14,223,114,2017,578.0,1332900.0
6146,14,4,114,2017,279181.0,0.0
6147,14,9,114,2017,2039.0,0.0
6148,14,83,114,2017,0.0,140331.0
6149,14,139,114,2017,1733.0,0.0
6150,14,242,114,2017,46981.0,22907.0
6151,14,141,114,2017,1948.0,0.0
6152,14,109,114,2017,4998.0,382279.0
6153,14,136,114,2017,937596.0,0.0
6154,14,220,114,2017,2786.0,2864.0
6155,14,176,114,2017,4391477.0,328537.0
6156,14,34,114,2017,193499.0,0.0
6157,14,37,114,2017,1395.0,0.0
6158,14,125,114,2017,4155.0,13205.0
6159,14,133,114,2017,24547.0,63523.0
6160,14,156,114,2017,2922992.0,0.0
6161,14,196,114,2017,0.0,127051.0
6162,14,241,114,2017,86697.0,0.0
6163,14,40,114,2017,12747.0,0.0
6164,14,165,114,2017,45598.0,0.0
6165,14,21,114,2017,0.0,18983.0
6166,14,199,114,2017,2957.0,0.0
6167,14,101,114,2017,13160.0,0.0
6168,14,158,114,2017,28036.0,0.0
6169,14,240,114,2017,654710.0,6629.0
6170,14,182,114,2017,1019287.0,100691.0
6171,14,195,114,2017,52738.0,216393.0
6172,14,75,114,2017,5636443.0,1679934.0
6173,14,48,114,2017,9238.0,1926.0
6174,14,119,114,2017,4325.0,0.0
6175,14,79,114,2017,1155.0,0.0
6176,14,137,114,2017,31981.0,0.0
6177,14,146,114,2017,66211.0,0.0
6178,14,56,114,2017,3927.0,0.0
6179,14,7,115,2017,793864.0,192927.0
6180,14,8,115,2017,0.0,651200.0
6181,14,15,115,2017,25326.0,46975.0
6182,14,18,115,2017,218329.0,8844.0
6183,14,24,115,2017,213704.0,4343.0
6184,14,32,115,2017,45211.0,2153595.0
6185,14,39,115,2017,1162899.0,7336885.0
6186,14,41,115,2017,43725.0,0.0
6187,14,42,115,2017,0.0,3067736.0
6188,14,43,115,2017,2781684.0,156340571.0
6189,14,61,115,2017,1127026.0,5910334.0
6190,14,64,115,2017,0.0,4506832.0
6191,14,71,115,2017,25985.0,4419855.0
6192,14,77,115,2017,92389.0,1195098.0
6193,14,81,115,2017,535141.0,5177578.0
6194,14,90,115,2017,0.0,365670.0
6195,14,97,115,2017,30985992.0,2083269.0
6196,14,102,115,2017,0.0,7401.0
6197,14,103,115,2017,7350437.0,24886998.0
6198,14,104,115,2017,0.0,1399174.0
6199,14,106,115,2017,2070.0,159546.0
6200,14,111,115,2017,237811.0,6184558.0
6201,14,113,115,2017,0.0,105643.0
6202,14,114,115,2017,22076985.0,10375600.0
6203,14,118,115,2017,41652.0,0.0
6204,14,121,115,2017,5781639.0,4057585.0
6205,14,122,115,2017,38445.0,0.0
6206,14,130,115,2017,0.0,57783.0
6207,14,153,115,2017,1954032.0,42486346.0
6208,14,160,115,2017,0.0,14178.0
6209,14,162,115,2017,0.0,2496261.0
6210,14,163,115,2017,2852.0,873740.0
6211,14,166,115,2017,25076456.0,103977744.0
6212,14,173,115,2017,0.0,2091342.0
6213,14,174,115,2017,1662800.0,2162978.0
6214,14,177,115,2017,0.0,7651276.0
6215,14,179,115,2017,0.0,472972.0
6216,14,188,115,2017,1381828.0,48814.0
6217,14,192,115,2017,16557184.0,3622156.0
6218,14,207,115,2017,9521.0,519254.0
6219,14,208,115,2017,5632.0,1824975.0
6220,14,216,115,2017,5457807.0,298474792.0
6221,14,224,115,2017,631.0,0.0
6222,14,230,115,2017,0.0,17845.0
6223,14,231,115,2017,8976733.0,44767591.0
6224,14,246,115,2017,0.0,3630904.0
6225,14,249,115,2017,2129616.0,5505708.0
6226,14,59,115,2017,4005.0,1722.0
6227,14,124,115,2017,0.0,62278.0
6228,14,131,115,2017,14627.0,0.0
6229,14,168,115,2017,87589.0,30026.0
6230,14,107,115,2017,0.0,34610.0
6231,14,110,115,2017,0.0,13333.0
6232,14,128,115,2017,167165.0,226781.0
6233,14,183,115,2017,487839.0,0.0
6234,14,228,115,2017,0.0,18166.0
6235,14,185,115,2017,0.0,60854.0
6236,14,186,115,2017,0.0,268414.0
6237,14,145,115,2017,810.0,0.0
6238,14,44,115,2017,1273.0,0.0
6239,14,134,115,2017,298857.0,1315213.0
6240,14,239,115,2017,4163111.0,61803711.0
6241,14,22,115,2017,10446.0,786155.0
6242,14,159,115,2017,0.0,6316.0
6243,14,72,115,2017,0.0,324910.0
6244,14,143,115,2017,0.0,1441216.0
6245,14,10,115,2017,561979.0,0.0
6246,14,26,115,2017,0.0,36938.0
6247,14,28,115,2017,0.0,34855.0
6248,14,100,115,2017,0.0,491044.0
6249,14,132,115,2017,0.0,247714.0
6250,14,151,115,2017,1503903.0,8030.0
6251,14,164,115,2017,9890.0,0.0
6252,14,167,115,2017,14430.0,0.0
6253,14,201,115,2017,0.0,21654.0
6254,14,211,115,2017,5678.0,0.0
6255,14,227,115,2017,6275.0,0.0
6256,14,83,115,2017,8640.0,1138.0
6257,14,139,115,2017,389201.0,0.0
6258,14,242,115,2017,145293.0,0.0
6259,14,109,115,2017,0.0,25381.0
6260,14,220,115,2017,63303.0,0.0
6261,14,176,115,2017,3482370.0,62300.0
6262,14,34,115,2017,487121.0,10893.0
6263,14,156,115,2017,29355.0,442045.0
6264,14,157,115,2017,0.0,60024.0
6265,14,241,115,2017,1219828.0,0.0
6266,14,165,115,2017,860530.0,0.0
6267,14,101,115,2017,53230.0,0.0
6268,14,158,115,2017,30023.0,0.0
6269,14,240,115,2017,264367.0,22600.0
6270,14,182,115,2017,18135.0,0.0
6271,14,195,115,2017,1847063.0,351879.0
6272,14,75,115,2017,291003.0,123847.0
6273,14,175,115,2017,84958.0,0.0
6274,14,119,115,2017,1704371.0,0.0
6275,14,79,115,2017,643780.0,0.0
6276,14,137,115,2017,492601.0,0.0
6277,14,95,115,2017,2339450.0,0.0
6278,14,146,115,2017,667644.0,0.0
6279,14,225,115,2017,19275.0,0.0
6280,14,11,115,2017,22656.0,0.0
6281,14,56,115,2017,2365.0,0.0
6282,14,7,122,2017,4227367.0,0.0
6283,14,8,122,2017,143813.0,283005701.0
6284,14,15,122,2017,3910.0,3332239.0
6285,14,18,122,2017,0.0,1791300.0
6286,14,23,122,2017,0.0,599493.0
6287,14,24,122,2017,48109.0,0.0
6288,14,32,122,2017,414447.0,7460455.0
6289,14,39,122,2017,7716675.0,4762244.0
6290,14,41,122,2017,2101.0,1029009.0
6291,14,42,122,2017,31374.0,1571799.0
6292,14,43,122,2017,21955701.0,17092490.0
6293,14,49,122,2017,0.0,106586.0
6294,14,52,122,2017,14720.0,0.0
6295,14,58,122,2017,2990.0,0.0
6296,14,61,122,2017,1991113.0,3380191.0
6297,14,64,122,2017,27141.0,1239079.0
6298,14,67,122,2017,0.0,3614485.0
6299,14,71,122,2017,0.0,722135.0
6300,14,74,122,2017,38653.0,1679658.0
6301,14,77,122,2017,22446.0,28617748.0
6302,14,81,122,2017,390746.0,60876245.0
6303,14,97,122,2017,3493335.0,176873.0
6304,14,102,122,2017,30340.0,7653335.0
6305,14,103,122,2017,47925002.0,1114324.0
6306,14,104,122,2017,581156.0,4753891.0
6307,14,106,122,2017,114151.0,1548156.0
6308,14,111,122,2017,46395.0,916556.0
6309,14,113,122,2017,71660.0,0.0
6310,14,114,122,2017,45970565.0,959254.0
6311,14,118,122,2017,379282.0,18319.0
6312,14,121,122,2017,20171037.0,605939.0
6313,14,122,122,2017,1562970.0,0.0
6314,14,130,122,2017,1276697.0,906181.0
6315,14,138,122,2017,94581.0,34021.0
6316,14,153,122,2017,14886869.0,3606685.0
6317,14,162,122,2017,1067104.0,8227110.0
6318,14,163,122,2017,4075.0,1087087.0
6319,14,166,122,2017,126335601.0,46853608.0
6320,14,173,122,2017,35288.0,7205396.0
6321,14,174,122,2017,10912956.0,33448.0
6322,14,177,122,2017,0.0,1443834.0
6323,14,188,122,2017,324742.0,35865.0
6324,14,190,122,2017,42226.0,0.0
6325,14,192,122,2017,4655308.0,5671023.0
6326,14,206,122,2017,29907.0,0.0
6327,14,207,122,2017,0.0,74592.0
6328,14,208,122,2017,51170.0,234467.0
6329,14,216,122,2017,16484987.0,61689317.0
6330,14,224,122,2017,37326.0,2887.0
6331,14,231,122,2017,44462423.0,111752955.0
6332,14,236,122,2017,95949.0,0.0
6333,14,246,122,2017,1055497.0,11653.0
6334,14,249,122,2017,32883969.0,1698004.0
6335,14,59,122,2017,886865.0,674473.0
6336,14,124,122,2017,2690.0,0.0
6337,14,168,122,2017,356076.0,0.0
6338,14,107,122,2017,650817.0,0.0
6339,14,110,122,2017,20164.0,0.0
6340,14,128,122,2017,1713411.0,36317.0
6341,14,183,122,2017,1932594.0,0.0
6342,14,212,122,2017,138959.0,0.0
6343,14,228,122,2017,103749.0,0.0
6344,14,185,122,2017,0.0,1946390.0
6345,14,186,122,2017,853266.0,0.0
6346,14,145,122,2017,11740.0,0.0
6347,14,226,122,2017,0.0,1190.0
6348,14,134,122,2017,171304.0,194724.0
6349,14,239,122,2017,11352959.0,3362274.0
6350,14,22,122,2017,352523.0,1218.0
6351,14,159,122,2017,242983.0,0.0
6352,14,142,122,2017,2223.0,0.0
6353,14,123,122,2017,2171.0,0.0
6354,14,143,122,2017,61228.0,0.0
6355,14,10,122,2017,16858.0,5271997.0
6356,14,68,122,2017,179423.0,0.0
6357,14,100,122,2017,0.0,27062.0
6358,14,116,122,2017,50986.0,0.0
6359,14,151,122,2017,219731.0,0.0
6360,14,164,122,2017,3797.0,0.0
6361,14,167,122,2017,29718.0,0.0
6362,14,187,122,2017,366.0,0.0
6363,14,211,122,2017,0.0,1670416.0
6364,14,66,122,2017,110841.0,0.0
6365,14,242,122,2017,15792.0,31769.0
6366,14,220,122,2017,29713.0,0.0
6367,14,176,122,2017,19988541.0,4468345.0
6368,14,34,122,2017,20089.0,0.0
6369,14,133,122,2017,448184.0,0.0
6370,14,155,122,2017,2185.0,0.0
6371,14,156,122,2017,2137156.0,0.0
6372,14,241,122,2017,92809.0,0.0
6373,14,40,122,2017,34042.0,0.0
6374,14,165,122,2017,36743.0,0.0
6375,14,158,122,2017,3868.0,0.0
6376,14,240,122,2017,404713.0,557418.0
6377,14,182,122,2017,1199960.0,0.0
6378,14,195,122,2017,575441.0,451812.0
6379,14,75,122,2017,8869173.0,23622.0
6380,14,48,122,2017,112364.0,0.0
6381,14,119,122,2017,252802.0,0.0
6382,14,79,122,2017,233823.0,0.0
6383,14,221,122,2017,23236.0,0.0
6384,14,7,123,2017,40300.0,564792.0
6385,14,18,123,2017,0.0,1955474.0
6386,14,24,123,2017,1083.0,0.0
6387,14,32,123,2017,0.0,16453.0
6388,14,39,123,2017,0.0,19844.0
6389,14,41,123,2017,6581.0,88778.0
6390,14,43,123,2017,12995.0,18462424.0
6391,14,52,123,2017,0.0,1588.0
6392,14,58,123,2017,0.0,940581.0
6393,14,61,123,2017,2220199.0,11666375.0
6394,14,64,123,2017,37937.0,693870.0
6395,14,65,123,2017,0.0,260854.0
6396,14,71,123,2017,0.0,10502.0
6397,14,77,123,2017,0.0,331770.0
6398,14,81,123,2017,13402.0,1547152.0
6399,14,90,123,2017,0.0,44139.0
6400,14,97,123,2017,1369768.0,11302549.0
6401,14,99,123,2017,0.0,22191.0
6402,14,103,123,2017,111136.0,18007566.0
6403,14,104,123,2017,0.0,1072397.0
6404,14,106,123,2017,0.0,15593.0
6405,14,111,123,2017,0.0,35663.0
6406,14,113,123,2017,0.0,8508.0
6407,14,114,123,2017,73394.0,0.0
6408,14,118,123,2017,83262.0,35559.0
6409,14,121,123,2017,49081.0,60609960.0
6410,14,153,123,2017,199440.0,241102.0
6411,14,160,123,2017,0.0,125129.0
6412,14,162,123,2017,59649.0,52946979.0
6413,14,163,123,2017,0.0,16201.0
6414,14,166,123,2017,5028320.0,134934193.0
6415,14,169,123,2017,33642.0,35382.0
6416,14,174,123,2017,0.0,242093.0
6417,14,177,123,2017,1083.0,26804724.0
6418,14,192,123,2017,4218324.0,63993410.0
6419,14,208,123,2017,0.0,9039.0
6420,14,231,123,2017,222618.0,1423114.0
6421,14,246,123,2017,1479.0,17991.0
6422,14,250,123,2017,1221858.0,0.0
6423,14,131,123,2017,0.0,934366.0
6424,14,168,123,2017,0.0,8485.0
6425,14,107,123,2017,0.0,6081.0
6426,14,54,123,2017,0.0,3372581.0
6427,14,239,123,2017,21325789.0,42360.0
6428,14,123,123,2017,0.0,35613.0
6429,14,82,123,2017,10184.0,0.0
6430,14,135,123,2017,0.0,30163.0
6431,14,201,123,2017,0.0,52790.0
6432,14,209,123,2017,0.0,27507.0
6433,14,139,123,2017,108532.0,0.0
6434,14,176,123,2017,144786.0,0.0
6435,14,133,123,2017,0.0,15999.0
6436,14,156,123,2017,1665005.0,0.0
6437,14,196,123,2017,0.0,1507.0
6438,14,241,123,2017,4759.0,0.0
6439,14,40,123,2017,17042.0,0.0
6440,14,165,123,2017,471148.0,0.0
6441,14,158,123,2017,336387.0,0.0
6442,14,240,123,2017,2488026.0,0.0
6443,14,182,123,2017,1392092.0,0.0
6444,14,75,123,2017,261087.0,129527.0
6445,14,175,123,2017,184121.0,0.0
6446,14,119,123,2017,1924480.0,0.0
6447,14,137,123,2017,53218.0,0.0
6448,14,221,123,2017,201764.0,0.0
6449,14,225,123,2017,180736.0,0.0
6450,14,56,123,2017,693412.0,268778.0
6451,14,161,123,2017,6564.0,0.0
6452,14,7,125,2017,5859567.0,385113.0
6453,14,8,125,2017,496117.0,18651528.0
6454,14,15,125,2017,585455.0,0.0
6455,14,18,125,2017,48352084.0,3837777.0
6456,14,23,125,2017,39998.0,0.0
6457,14,32,125,2017,639579.0,16100789.0
6458,14,39,125,2017,129409023.0,4205746.0
6459,14,41,125,2017,0.0,13869920.0
6460,14,42,125,2017,1974111.0,109943359.0
6461,14,43,125,2017,39491410944.0,4159365.0
6462,14,49,125,2017,451896.0,1095.0
6463,14,61,125,2017,343814220.0,1018384.0
6464,14,64,125,2017,0.0,2502.0
6465,14,71,125,2017,153337086.0,0.0
6466,14,74,125,2017,17439720.0,2925260.0
6467,14,77,125,2017,6824113.0,13494.0
6468,14,81,125,2017,81740516.0,59369.0
6469,14,96,125,2017,0.0,295520.0
6470,14,97,125,2017,0.0,88476.0
6471,14,99,125,2017,0.0,6278963.0
6472,14,103,125,2017,203687742.0,18707.0
6473,14,104,125,2017,462080519.0,2537854.0
6474,14,106,125,2017,0.0,9220559.0
6475,14,111,125,2017,8788447.0,44204.0
6476,14,114,125,2017,4585081339.0,5022496.0
6477,14,121,125,2017,3655855990.0,187427.0
6478,14,138,125,2017,10439853.0,179894358.0
6479,14,153,125,2017,131855970.0,0.0
6480,14,162,125,2017,15473951.0,9371032.0
6481,14,163,125,2017,340403.0,6167.0
6482,14,166,125,2017,646869.0,453322.0
6483,14,173,125,2017,71746.0,157103239.0
6484,14,174,125,2017,516406266.0,5942.0
6485,14,177,125,2017,56978889.0,0.0
6486,14,188,125,2017,47897753.0,22387.0
6487,14,192,125,2017,609888.0,366812.0
6488,14,207,125,2017,23773.0,0.0
6489,14,208,125,2017,0.0,12666.0
6490,14,216,125,2017,39682140.0,179888.0
6491,14,224,125,2017,141944.0,0.0
6492,14,231,125,2017,218073395.0,186705268.0
6493,14,246,125,2017,1567120.0,43408354.0
6494,14,249,125,2017,1122460674.0,109566.0
6495,14,59,125,2017,5036.0,0.0
6496,14,168,125,2017,85324.0,51485.0
6497,14,110,125,2017,27972.0,0.0
6498,14,128,125,2017,27814.0,0.0
6499,14,228,125,2017,3503388.0,0.0
6500,14,73,125,2017,731.0,0.0
6501,14,186,125,2017,52512.0,0.0
6502,14,31,125,2017,0.0,17085449.0
6503,14,44,125,2017,6057.0,0.0
6504,14,134,125,2017,342186.0,50462.0
6505,14,239,125,2017,127784400.0,34787.0
6506,14,22,125,2017,324758.0,0.0
6507,14,143,125,2017,5300.0,0.0
6508,14,191,125,2017,109503.0,447499.0
6509,14,116,125,2017,28341.0,0.0
6510,14,117,125,2017,653.0,0.0
6511,14,187,125,2017,0.0,57402.0
6512,14,201,125,2017,265.0,0.0
6513,14,66,125,2017,23141.0,0.0
6514,14,83,125,2017,5853.0,0.0
6515,14,136,125,2017,0.0,4419940.0
6516,14,176,125,2017,37882.0,4051.0
6517,14,37,125,2017,882.0,0.0
6518,14,45,125,2017,1470126.0,0.0
6519,14,155,125,2017,0.0,11037.0
6520,14,156,125,2017,32200.0,6214464.0
6521,14,196,125,2017,0.0,9402202.0
6522,14,247,125,2017,1257.0,0.0
6523,14,21,125,2017,11791.0,0.0
6524,14,75,125,2017,8844.0,1170677.0
6525,14,7,126,2017,17358899.0,956281265.0
6526,14,8,126,2017,51537835.0,41369.0
6527,14,15,126,2017,11348620.0,286716.0
6528,14,18,126,2017,166658130.0,7134726.0
6529,14,23,126,2017,0.0,40624.0
6530,14,24,126,2017,16319.0,607147.0
6531,14,32,126,2017,953933465.0,1758438.0
6532,14,39,126,2017,37828.0,3297183.0
6533,14,41,126,2017,5691.0,3274763.0
6534,14,42,126,2017,200426286.0,0.0
6535,14,43,126,2017,13029204886.0,983663735.0
6536,14,49,126,2017,409531.0,7350540.0
6537,14,52,126,2017,2606.0,0.0
6538,14,55,126,2017,0.0,15462069.0
6539,14,58,126,2017,108682.0,0.0
6540,14,61,126,2017,628903333.0,19654419.0
6541,14,64,126,2017,2812817.0,165992.0
6542,14,67,126,2017,26844.0,0.0
6543,14,71,126,2017,195831718.0,2439410.0
6544,14,74,126,2017,0.0,25089.0
6545,14,77,126,2017,552275863.0,3051574.0
6546,14,81,126,2017,164899045.0,5766264.0
6547,14,90,126,2017,145834.0,73702.0
6548,14,97,126,2017,55412099.0,7943953.0
6549,14,102,126,2017,13815381.0,382941.0
6550,14,103,126,2017,1187184644.0,671565144.0
6551,14,104,126,2017,7723581774.0,1353218008.0
6552,14,106,126,2017,30924.0,773484.0
6553,14,111,126,2017,103088157.0,1799457.0
6554,14,114,126,2017,17955505703.0,2253556189.0
6555,14,118,126,2017,43559.0,0.0
6556,14,121,126,2017,6995879987.0,4171095176.0
6557,14,122,126,2017,47049.0,0.0
6558,14,130,126,2017,0.0,1257194.0
6559,14,138,126,2017,67828.0,369997.0
6560,14,153,126,2017,1128682460.0,3302183570.0
6561,14,160,126,2017,5255.0,0.0
6562,14,162,126,2017,913688447.0,14006742.0
6563,14,163,126,2017,260405.0,361114.0
6564,14,166,126,2017,99080255.0,438486124.0
6565,14,169,126,2017,130554.0,0.0
6566,14,173,126,2017,3885.0,0.0
6567,14,174,126,2017,293942191.0,81197.0
6568,14,177,126,2017,211589193.0,912224.0
6569,14,179,126,2017,38832.0,137278.0
6570,14,188,126,2017,73983.0,10115366.0
6571,14,190,126,2017,134956.0,0.0
6572,14,192,126,2017,1268720859.0,3571491258.0
6573,14,197,126,2017,20149.0,0.0
6574,14,206,126,2017,21721.0,0.0
6575,14,207,126,2017,72412968.0,81849.0
6576,14,208,126,2017,159483475.0,1160400.0
6577,14,216,126,2017,674354461.0,77322111.0
6578,14,224,126,2017,84533539.0,16707.0
6579,14,231,126,2017,41427770.0,427293173.0
6580,14,246,126,2017,278434788.0,4689884.0
6581,14,249,126,2017,3224680655.0,45303386.0
6582,14,250,126,2017,1197957065.0,0.0
6583,14,29,126,2017,2339.0,0.0
6584,14,59,126,2017,1941.0,22399.0
6585,14,131,126,2017,16983.0,915.0
6586,14,168,126,2017,3398255.0,33675436.0
6587,14,2,126,2017,4034558.0,0.0
6588,14,107,126,2017,26375026.0,824225.0
6589,14,110,126,2017,1540.0,188550.0
6590,14,115,126,2017,10907.0,0.0
6591,14,128,126,2017,0.0,1152466.0
6592,14,183,126,2017,237633.0,36510783.0
6593,14,228,126,2017,42219428.0,10903.0
6594,14,185,126,2017,15849305.0,0.0
6595,14,186,126,2017,80280.0,127354611.0
6596,14,145,126,2017,18425.0,0.0
6597,14,226,126,2017,11049.0,0.0
6598,14,44,126,2017,42341.0,0.0
6599,14,134,126,2017,18250.0,0.0
6600,14,239,126,2017,597657495.0,248262443.0
6601,14,159,126,2017,1511.0,347595385.0
6602,14,142,126,2017,4137.0,159177.0
6603,14,237,126,2017,34819.0,0.0
6604,14,72,126,2017,0.0,215449.0
6605,14,123,126,2017,4376.0,0.0
6606,14,143,126,2017,5285198.0,0.0
6607,14,191,126,2017,6897.0,0.0
6608,14,16,126,2017,11417.0,3474.0
6609,14,80,126,2017,0.0,366136480.0
6610,14,10,126,2017,32404.0,0.0
6611,14,28,126,2017,0.0,13737.0
6612,14,68,126,2017,63049.0,954295.0
6613,14,100,126,2017,0.0,280808.0
6614,14,116,126,2017,42977.0,0.0
6615,14,117,126,2017,0.0,3025.0
6616,14,132,126,2017,0.0,1491427.0
6617,14,147,126,2017,44515834.0,17091981.0
6618,14,151,126,2017,5773.0,0.0
6619,14,164,126,2017,442710.0,0.0
6620,14,167,126,2017,133868.0,12729686.0
6621,14,201,126,2017,611.0,0.0
6622,14,223,126,2017,3086.0,0.0
6623,14,227,126,2017,9955.0,0.0
6624,14,4,126,2017,1285.0,0.0
6625,14,66,126,2017,57710.0,284923929.0
6626,14,83,126,2017,121241.0,6691681.0
6627,14,242,126,2017,726580.0,2972371.0
6628,14,141,126,2017,11137.0,0.0
6629,14,220,126,2017,1903857.0,306515.0
6630,14,176,126,2017,82770137.0,374902754.0
6631,14,34,126,2017,2889.0,167283183.0
6632,14,47,126,2017,0.0,201787088.0
6633,14,89,126,2017,0.0,17375868.0
6634,14,125,126,2017,0.0,41397.0
6635,14,126,126,2017,0.0,84577616.0
6636,14,155,126,2017,1310.0,0.0
6637,14,156,126,2017,120061385.0,27771.0
6638,14,157,126,2017,0.0,2633.0
6639,14,247,126,2017,2553.0,0.0
6640,14,40,126,2017,153651.0,0.0
6641,14,57,126,2017,0.0,9824587.0
6642,14,165,126,2017,1162512.0,0.0
6643,14,21,126,2017,74120.0,3412.0
6644,14,158,126,2017,6886.0,0.0
6645,14,240,126,2017,1636095.0,0.0
6646,14,182,126,2017,4830587.0,0.0
6647,14,195,126,2017,2540193.0,0.0
6648,14,75,126,2017,18124310.0,0.0
6649,14,175,126,2017,2871.0,0.0
6650,14,48,126,2017,13709.0,0.0
6651,14,119,126,2017,1792.0,0.0
6652,14,137,126,2017,12756.0,0.0
6653,14,221,126,2017,4114.0,0.0
6654,14,225,126,2017,0.0,2713.0
6655,14,11,126,2017,3294913.0,0.0
6656,14,56,126,2017,5399621.0,0.0
6657,14,1,129,2017,11721.0,0.0
6658,14,7,129,2017,19918937.0,1595745.0
6659,14,8,129,2017,889478.0,665387.0
6660,14,15,129,2017,595752.0,46836194.0
6661,14,18,129,2017,36426169.0,375541514.0
6662,14,23,129,2017,1351560.0,2639068.0
6663,14,24,129,2017,954298.0,0.0
6664,14,32,129,2017,7108045.0,36692958.0
6665,14,33,129,2017,3765.0,0.0
6666,14,39,129,2017,18526071.0,72085417.0
6667,14,41,129,2017,18840910.0,917182442.0
6668,14,42,129,2017,2297551.0,267534.0
6669,14,43,129,2017,515130936.0,387063583.0
6670,14,49,129,2017,789676.0,520573.0
6671,14,52,129,2017,189979.0,1744877.0
6672,14,55,129,2017,6913.0,0.0
6673,14,58,129,2017,49196.0,3702216.0
6674,14,61,129,2017,71352052.0,954788251.0
6675,14,64,129,2017,102000.0,108797291.0
6676,14,65,129,2017,302312.0,111989.0
6677,14,67,129,2017,1004024.0,0.0
6678,14,71,129,2017,2491449.0,270508697.0
6679,14,74,129,2017,434596.0,22127403.0
6680,14,77,129,2017,16339192.0,259808654.0
6681,14,81,129,2017,72652882.0,462353741.0
6682,14,90,129,2017,19671.0,9675556.0
6683,14,93,129,2017,41738.0,0.0
6684,14,97,129,2017,74224452.0,9791564.0
6685,14,99,129,2017,138868.0,0.0
6686,14,102,129,2017,6462352.0,9553854.0
6687,14,103,129,2017,12938965.0,38662544.0
6688,14,104,129,2017,9733280.0,217532936.0
6689,14,106,129,2017,29395057.0,549038307.0
6690,14,111,129,2017,1738354.0,285262482.0
6691,14,112,129,2017,56966.0,44055.0
6692,14,113,129,2017,1588743.0,0.0
6693,14,114,129,2017,63982405.0,52042796.0
6694,14,118,129,2017,678698.0,25579.0
6695,14,121,129,2017,40683299.0,7984820.0
6696,14,122,129,2017,1176626.0,0.0
6697,14,130,129,2017,13747.0,330032.0
6698,14,138,129,2017,1578228.0,18340224.0
6699,14,153,129,2017,28940435.0,6571020.0
6700,14,160,129,2017,24625.0,0.0
6701,14,162,129,2017,30266937.0,419811929.0
6702,14,163,129,2017,400815.0,7610081.0
6703,14,166,129,2017,227483137.0,76251043.0
6704,14,169,129,2017,982635.0,0.0
6705,14,173,129,2017,141665.0,0.0
6706,14,174,129,2017,27923549.0,3494690.0
6707,14,177,129,2017,6156709.0,17442426.0
6708,14,179,129,2017,0.0,1931853.0
6709,14,180,129,2017,112470.0,0.0
6710,14,188,129,2017,9682743.0,15629.0
6711,14,190,129,2017,581150.0,0.0
6712,14,192,129,2017,30061279.0,75757405.0
6713,14,197,129,2017,540725.0,0.0
6714,14,205,129,2017,8843.0,0.0
6715,14,206,129,2017,161374.0,742636.0
6716,14,207,129,2017,238452.0,10623764.0
6717,14,208,129,2017,3905077.0,76600942.0
6718,14,216,129,2017,28310102.0,5842466.0
6719,14,222,129,2017,44762.0,0.0
6720,14,224,129,2017,39495090.0,4510263.0
6721,14,230,129,2017,95077.0,2402.0
6722,14,231,129,2017,516264447.0,942574228.0
6723,14,236,129,2017,7167.0,125168.0
6724,14,246,129,2017,7162492.0,9739235.0
6725,14,249,129,2017,33476809.0,23531667.0
6726,14,29,129,2017,4812.0,0.0
6727,14,59,129,2017,3146575.0,2908786.0
6728,14,124,129,2017,1618029.0,0.0
6729,14,131,129,2017,0.0,41323.0
6730,14,168,129,2017,12865350.0,40423.0
6731,14,25,129,2017,5685.0,0.0
6732,14,107,129,2017,3205022.0,560212.0
6733,14,110,129,2017,2434534.0,13172707.0
6734,14,128,129,2017,7750158.0,55558.0
6735,14,183,129,2017,3179404.0,0.0
6736,14,212,129,2017,5998.0,0.0
6737,14,228,129,2017,1408302.0,93401.0
6738,14,13,129,2017,4714.0,0.0
6739,14,73,129,2017,90124.0,0.0
6740,14,185,129,2017,42638.0,5533810.0
6741,14,186,129,2017,1363813.0,9023.0
6742,14,31,129,2017,19913.0,0.0
6743,14,145,129,2017,39450.0,0.0
6744,14,226,129,2017,122476.0,0.0
6745,14,44,129,2017,18525.0,0.0
6746,14,140,129,2017,3643.0,1051.0
6747,14,134,129,2017,769706.0,59932.0
6748,14,239,129,2017,36705854.0,97059.0
6749,14,22,129,2017,1577767.0,1041905.0
6750,14,159,129,2017,2097.0,0.0
6751,14,142,129,2017,318649.0,2274330.0
6752,14,72,129,2017,44158.0,6028.0
6753,14,181,129,2017,32092.0,0.0
6754,14,234,129,2017,3933.0,0.0
6755,14,123,129,2017,78700.0,0.0
6756,14,143,129,2017,4782746.0,0.0
6757,14,191,129,2017,19158.0,0.0
6758,14,16,129,2017,168873.0,0.0
6759,14,80,129,2017,0.0,26473.0
6760,14,10,129,2017,9011.0,0.0
6761,14,26,129,2017,52735.0,34252.0
6762,14,28,129,2017,75349.0,1881.0
6763,14,68,129,2017,3088624.0,159913.0
6764,14,82,129,2017,61653.0,3954.0
6765,14,100,129,2017,13594.0,1413105.0
6766,14,108,129,2017,2891774.0,0.0
6767,14,116,129,2017,229865.0,1433.0
6768,14,132,129,2017,14147.0,752206.0
6769,14,147,129,2017,1131.0,0.0
6770,14,151,129,2017,759399.0,331621.0
6771,14,164,129,2017,210310.0,16052.0
6772,14,167,129,2017,506094.0,393781.0
6773,14,187,129,2017,1345.0,0.0
6774,14,201,129,2017,12144.0,178768.0
6775,14,209,129,2017,0.0,24433.0
6776,14,223,129,2017,1177315.0,0.0
6777,14,211,129,2017,6491.0,0.0
6778,14,227,129,2017,36191.0,1110.0
6779,14,4,129,2017,58752.0,0.0
6780,14,144,129,2017,14592.0,0.0
6781,14,248,129,2017,6773.0,0.0
6782,14,9,129,2017,62421.0,0.0
6783,14,66,129,2017,9050656.0,0.0
6784,14,83,129,2017,4275.0,0.0
6785,14,46,129,2017,473.0,0.0
6786,14,139,129,2017,43020.0,0.0
6787,14,242,129,2017,656993.0,4341.0
6788,14,141,129,2017,2027.0,100030.0
6789,14,109,129,2017,45993.0,132598.0
6790,14,136,129,2017,10272.0,0.0
6791,14,220,129,2017,183018.0,0.0
6792,14,176,129,2017,7907546.0,1458.0
6793,14,34,129,2017,531043.0,3913.0
6794,14,45,129,2017,127642.0,0.0
6795,14,133,129,2017,2163488.0,28335.0
6796,14,155,129,2017,10737.0,0.0
6797,14,156,129,2017,1715244.0,0.0
6798,14,157,129,2017,31089.0,2987.0
6799,14,196,129,2017,2123.0,78106.0
6800,14,247,129,2017,153718.0,0.0
6801,14,40,129,2017,1666.0,0.0
6802,14,57,129,2017,40225.0,0.0
6803,14,165,129,2017,634297.0,1684.0
6804,14,62,129,2017,14152.0,0.0
6805,14,158,129,2017,118155.0,0.0
6806,14,240,129,2017,1090249.0,0.0
6807,14,182,129,2017,38935.0,0.0
6808,14,195,129,2017,446513.0,0.0
6809,14,75,129,2017,4843925.0,1650201.0
6810,14,175,129,2017,39318.0,0.0
6811,14,76,129,2017,3638.0,0.0
6812,14,48,129,2017,60129.0,0.0
6813,14,119,129,2017,147800.0,0.0
6814,14,79,129,2017,80955.0,0.0
6815,14,137,129,2017,15163.0,0.0
6816,14,95,129,2017,4526.0,0.0
6817,14,146,129,2017,4999.0,0.0
6818,14,221,129,2017,142534.0,0.0
6819,14,225,129,2017,1889.0,0.0
6820,14,56,129,2017,515379.0,0.0
6821,14,7,131,2017,8803946.0,728426.0
6822,14,8,131,2017,1062927.0,473175.0
6823,14,15,131,2017,890843.0,1426680.0
6824,14,18,131,2017,1589984.0,16264525.0
6825,14,23,131,2017,13929.0,2293.0
6826,14,24,131,2017,111452.0,0.0
6827,14,32,131,2017,181363.0,646949.0
6828,14,39,131,2017,874331.0,2461005.0
6829,14,41,131,2017,641933.0,12418809.0
6830,14,42,131,2017,1437512.0,171990.0
6831,14,43,131,2017,101792687.0,72640303.0
6832,14,49,131,2017,604853.0,3465.0
6833,14,52,131,2017,80539.0,36043.0
6834,14,55,131,2017,4099.0,0.0
6835,14,58,131,2017,16539.0,0.0
6836,14,61,131,2017,6989668.0,76555839.0
6837,14,64,131,2017,1469.0,8362447.0
6838,14,67,131,2017,196434.0,256639.0
6839,14,71,131,2017,1724621.0,3867186.0
6840,14,74,131,2017,10396.0,869803.0
6841,14,77,131,2017,647129.0,14816608.0
6842,14,81,131,2017,2733772.0,37514940.0
6843,14,90,131,2017,1765755.0,2330485.0
6844,14,97,131,2017,12129146.0,4540624.0
6845,14,99,131,2017,93936.0,0.0
6846,14,102,131,2017,0.0,17504.0
6847,14,103,131,2017,41557464.0,24045343.0
6848,14,104,131,2017,49136825.0,23046811.0
6849,14,106,131,2017,347691.0,2006044.0
6850,14,111,131,2017,268151.0,20343340.0
6851,14,113,131,2017,109285.0,1127.0
6852,14,114,131,2017,15785918.0,41973459.0
6853,14,118,131,2017,5135.0,0.0
6854,14,121,131,2017,52528262.0,14398449.0
6855,14,122,131,2017,63510.0,0.0
6856,14,130,131,2017,72159.0,97570.0
6857,14,138,131,2017,426526.0,1010653.0
6858,14,153,131,2017,24048268.0,46497373.0
6859,14,162,131,2017,26273108.0,16116850.0
6860,14,163,131,2017,13966.0,120149.0
6861,14,166,131,2017,80387658.0,22076540.0
6862,14,169,131,2017,70150.0,1620.0
6863,14,173,131,2017,33953.0,905688.0
6864,14,174,131,2017,27884004.0,7442183.0
6865,14,177,131,2017,573608.0,742094.0
6866,14,179,131,2017,281841.0,235953.0
6867,14,188,131,2017,688626.0,2157014.0
6868,14,190,131,2017,676.0,0.0
6869,14,192,131,2017,12221385.0,22148092.0
6870,14,206,131,2017,25593.0,30481.0
6871,14,207,131,2017,8089.0,376094.0
6872,14,208,131,2017,59833.0,1620443.0
6873,14,216,131,2017,50048829.0,16557995.0
6874,14,224,131,2017,1987295.0,2975884.0
6875,14,230,131,2017,0.0,44159.0
6876,14,231,131,2017,9971225.0,111441586.0
6877,14,246,131,2017,2175598.0,4796476.0
6878,14,249,131,2017,12660764.0,9190787.0
6879,14,250,131,2017,49640.0,0.0
6880,14,59,131,2017,120065.0,402507.0
6881,14,124,131,2017,136024.0,329859.0
6882,14,131,131,2017,0.0,8972.0
6883,14,168,131,2017,5968285.0,64695.0
6884,14,2,131,2017,6224.0,0.0
6885,14,107,131,2017,3335.0,11798.0
6886,14,110,131,2017,505590.0,3098200.0
6887,14,115,131,2017,27947.0,0.0
6888,14,128,131,2017,5544562.0,32238.0
6889,14,183,131,2017,322332.0,0.0
6890,14,73,131,2017,428.0,0.0
6891,14,185,131,2017,11028.0,14285.0
6892,14,186,131,2017,162810.0,581693.0
6893,14,145,131,2017,178422.0,0.0
6894,14,226,131,2017,78521.0,0.0
6895,14,44,131,2017,27596.0,0.0
6896,14,140,131,2017,0.0,31742.0
6897,14,134,131,2017,2128050.0,0.0
6898,14,239,131,2017,33255831.0,1618698.0
6899,14,22,131,2017,4831802.0,0.0
6900,14,159,131,2017,96886.0,0.0
6901,14,142,131,2017,771.0,1798.0
6902,14,72,131,2017,7190.0,1015136.0
6903,14,181,131,2017,2060.0,0.0
6904,14,123,131,2017,14074.0,0.0
6905,14,143,131,2017,4839872.0,0.0
6906,14,191,131,2017,51569.0,1204.0
6907,14,10,131,2017,36905.0,0.0
6908,14,26,131,2017,2449.0,0.0
6909,14,68,131,2017,1198886.0,25369.0
6910,14,82,131,2017,3014.0,0.0
6911,14,100,131,2017,16956.0,9105.0
6912,14,108,131,2017,36719.0,0.0
6913,14,116,131,2017,140311.0,0.0
6914,14,132,131,2017,3225.0,0.0
6915,14,135,131,2017,33871.0,0.0
6916,14,151,131,2017,663340.0,6149.0
6917,14,164,131,2017,707977.0,0.0
6918,14,167,131,2017,3054391.0,0.0
6919,14,201,131,2017,28355.0,3091.0
6920,14,223,131,2017,273093.0,1052.0
6921,14,227,131,2017,103478.0,0.0
6922,14,9,131,2017,4956.0,2087.0
6923,14,83,131,2017,161757.0,0.0
6924,14,46,131,2017,10154.0,0.0
6925,14,139,131,2017,8760.0,0.0
6926,14,242,131,2017,212898.0,0.0
6927,14,141,131,2017,37868.0,0.0
6928,14,148,131,2017,5750.0,0.0
6929,14,109,131,2017,9795.0,0.0
6930,14,136,131,2017,984.0,0.0
6931,14,220,131,2017,103801.0,0.0
6932,14,176,131,2017,11648895.0,0.0
6933,14,34,131,2017,34528.0,0.0
6934,14,37,131,2017,5161.0,0.0
6935,14,133,131,2017,26366.0,0.0
6936,14,155,131,2017,833.0,0.0
6937,14,156,131,2017,924882.0,0.0
6938,14,196,131,2017,30188.0,0.0
6939,14,215,131,2017,4743.0,0.0
6940,14,241,131,2017,3608.0,0.0
6941,14,247,131,2017,9891.0,0.0
6942,14,40,131,2017,49008.0,0.0
6943,14,165,131,2017,150201.0,41344.0
6944,14,21,131,2017,29435.0,0.0
6945,14,158,131,2017,6661.0,0.0
6946,14,240,131,2017,1106974.0,0.0
6947,14,182,131,2017,668842.0,0.0
6948,14,195,131,2017,193176.0,18898.0
6949,14,75,131,2017,2676922.0,3594.0
6950,14,175,131,2017,12240.0,0.0
6951,14,48,131,2017,50460.0,0.0
6952,14,119,131,2017,31714.0,0.0
6953,14,79,131,2017,3117.0,0.0
6954,14,137,131,2017,94250.0,0.0
6955,14,95,131,2017,4863.0,0.0
6956,14,146,131,2017,37252.0,0.0
6957,14,221,131,2017,52776.0,0.0
6958,14,56,131,2017,143278.0,0.0
6959,14,7,133,2017,1520504.0,829011.0
6960,14,8,133,2017,24718.0,10686.0
6961,14,15,133,2017,8957.0,1469018.0
6962,14,18,133,2017,203993.0,9775794.0
6963,14,23,133,2017,6536.0,90966.0
6964,14,24,133,2017,97856.0,4650.0
6965,14,32,133,2017,195306.0,1450091.0
6966,14,39,133,2017,1180743.0,8238995.0
6967,14,41,133,2017,95427.0,4671329.0
6968,14,42,133,2017,26537.0,0.0
6969,14,43,133,2017,32024189.0,130490392.0
6970,14,49,133,2017,100850.0,0.0
6971,14,52,133,2017,3452.0,14140.0
6972,14,58,133,2017,1214.0,0.0
6973,14,61,133,2017,1527405.0,48939584.0
6974,14,64,133,2017,72454.0,3402920.0
6975,14,65,133,2017,2181.0,0.0
6976,14,67,133,2017,31004.0,3151.0
6977,14,71,133,2017,262260.0,2942646.0
6978,14,74,133,2017,123486.0,291689.0
6979,14,77,133,2017,775930.0,20091348.0
6980,14,81,133,2017,4123533.0,34858719.0
6981,14,90,133,2017,23381.0,134561.0
6982,14,96,133,2017,2077.0,0.0
6983,14,97,133,2017,10518009.0,405457.0
6984,14,99,133,2017,0.0,48710.0
6985,14,102,133,2017,2582.0,3628799.0
6986,14,103,133,2017,5372917.0,28192768.0
6987,14,104,133,2017,2895096.0,10427473.0
6988,14,106,133,2017,135547.0,2021355.0
6989,14,111,133,2017,63035.0,6823294.0
6990,14,113,133,2017,29105.0,1043.0
6991,14,114,133,2017,4086623.0,6958431.0
6992,14,118,133,2017,115674.0,0.0
6993,14,121,133,2017,3825354.0,19877105.0
6994,14,122,133,2017,212554.0,0.0
6995,14,130,133,2017,2067.0,193974.0
6996,14,138,133,2017,1774263.0,2002386.0
6997,14,153,133,2017,6638431.0,14629826.0
6998,14,160,133,2017,1358.0,0.0
6999,14,162,133,2017,889698.0,7142381.0
7000,14,163,133,2017,88862.0,676106.0
7001,14,166,133,2017,79041983.0,32861245.0
7002,14,169,133,2017,3679.0,0.0
7003,14,173,133,2017,114855.0,3790.0
7004,14,174,133,2017,762095.0,2685331.0
7005,14,177,133,2017,734387.0,23637118.0
7006,14,179,133,2017,308556.0,347383.0
7007,14,188,133,2017,1388131.0,327272.0
7008,14,190,133,2017,123988.0,0.0
7009,14,192,133,2017,5285988.0,44954238.0
7010,14,205,133,2017,2922.0,0.0
7011,14,206,133,2017,366.0,29706.0
7012,14,207,133,2017,62425.0,118763.0
7013,14,208,133,2017,1905322.0,1377256.0
7014,14,216,133,2017,2697151.0,53235670.0
7015,14,222,133,2017,6420.0,0.0
7016,14,224,133,2017,46791.0,1822144.0
7017,14,231,133,2017,17145097.0,142870206.0
7018,14,236,133,2017,60183.0,0.0
7019,14,246,133,2017,592213.0,1645324.0
7020,14,249,133,2017,2862431.0,15872503.0
7021,14,250,133,2017,1259268.0,0.0
7022,14,59,133,2017,29867.0,1106461.0
7023,14,124,133,2017,16277.0,35940.0
7024,14,131,133,2017,0.0,1120421.0
7025,14,168,133,2017,262953.0,5947.0
7026,14,2,133,2017,92943.0,0.0
7027,14,107,133,2017,129605.0,2346.0
7028,14,110,133,2017,83523.0,1417602.0
7029,14,115,133,2017,28667.0,0.0
7030,14,128,133,2017,207251.0,69252.0
7031,14,183,133,2017,121230.0,1474.0
7032,14,212,133,2017,0.0,13991.0
7033,14,228,133,2017,41418.0,1083.0
7034,14,73,133,2017,704.0,0.0
7035,14,185,133,2017,8122.0,101352.0
7036,14,186,133,2017,336224.0,11012.0
7037,14,31,133,2017,3430.0,0.0
7038,14,145,133,2017,151692.0,0.0
7039,14,226,133,2017,492130.0,0.0
7040,14,44,133,2017,14877.0,2455.0
7041,14,140,133,2017,1369.0,4290.0
7042,14,134,133,2017,10634.0,15368.0
7043,14,85,133,2017,10824.0,0.0
7044,14,239,133,2017,2511140.0,15183027.0
7045,14,22,133,2017,773899.0,0.0
7046,14,159,133,2017,670391.0,1879.0
7047,14,142,133,2017,55067.0,11012.0
7048,14,72,133,2017,8336.0,125123.0
7049,14,19,133,2017,79981.0,0.0
7050,14,123,133,2017,49650.0,43524.0
7051,14,143,133,2017,190935.0,698.0
7052,14,191,133,2017,46779.0,0.0
7053,14,16,133,2017,1326.0,0.0
7054,14,30,133,2017,3681.0,0.0
7055,14,10,133,2017,18712.0,0.0
7056,14,26,133,2017,482.0,0.0
7057,14,68,133,2017,310123.0,17493.0
7058,14,100,133,2017,15154.0,14353.0
7059,14,108,133,2017,29350.0,0.0
7060,14,116,133,2017,8598.0,8880.0
7061,14,132,133,2017,28296.0,75064.0
7062,14,135,133,2017,1362.0,0.0
7063,14,147,133,2017,6852.0,0.0
7064,14,151,133,2017,48196.0,0.0
7065,14,164,133,2017,5292.0,0.0
7066,14,167,133,2017,17361.0,0.0
7067,14,201,133,2017,6649.0,1384657.0
7068,14,209,133,2017,0.0,7668.0
7069,14,223,133,2017,18679.0,2565.0
7070,14,211,133,2017,1961.0,0.0
7071,14,227,133,2017,2693.0,0.0
7072,14,248,133,2017,4363.0,0.0
7073,14,9,133,2017,21161.0,0.0
7074,14,83,133,2017,81815.0,1681.0
7075,14,46,133,2017,129250.0,0.0
7076,14,139,133,2017,28595.0,0.0
7077,14,242,133,2017,86796.0,0.0
7078,14,141,133,2017,19501.0,0.0
7079,14,148,133,2017,1748.0,0.0
7080,14,109,133,2017,36449.0,0.0
7081,14,136,133,2017,8762.0,0.0
7082,14,220,133,2017,47151.0,9374.0
7083,14,176,133,2017,6791554.0,37406.0
7084,14,34,133,2017,70042.0,0.0
7085,14,37,133,2017,1768.0,0.0
7086,14,133,133,2017,37451.0,0.0
7087,14,155,133,2017,3151.0,0.0
7088,14,156,133,2017,624697.0,2866.0
7089,14,196,133,2017,4152.0,0.0
7090,14,215,133,2017,0.0,2029.0
7091,14,247,133,2017,3508.0,0.0
7092,14,40,133,2017,52612.0,0.0
7093,14,57,133,2017,1791.0,0.0
7094,14,165,133,2017,257285.0,0.0
7095,14,21,133,2017,34893.0,0.0
7096,14,199,133,2017,3447.0,0.0
7097,14,158,133,2017,2518.0,0.0
7098,14,240,133,2017,51729.0,0.0
7099,14,182,133,2017,153651.0,0.0
7100,14,195,133,2017,768411.0,8947.0
7101,14,75,133,2017,1055529.0,46821.0
7102,14,48,133,2017,34559.0,0.0
7103,14,119,133,2017,56244.0,0.0
7104,14,137,133,2017,66938.0,0.0
7105,14,95,133,2017,4420.0,0.0
7106,14,221,133,2017,16646.0,0.0
7107,14,56,133,2017,120160.0,0.0
7108,14,7,134,2017,96103.0,496072.0
7109,14,8,134,2017,5381.0,1198622.0
7110,14,15,134,2017,49973.0,148269.0
7111,14,18,134,2017,2832.0,3717999.0
7112,14,23,134,2017,0.0,32057.0
7113,14,24,134,2017,2277.0,0.0
7114,14,32,134,2017,35127.0,6861738.0
7115,14,39,134,2017,2376059.0,2073178.0
7116,14,41,134,2017,84866.0,1824347.0
7117,14,42,134,2017,42415.0,122622.0
7118,14,43,134,2017,6138642.0,33369653.0
7119,14,49,134,2017,29748.0,0.0
7120,14,52,134,2017,18412.0,0.0
7121,14,58,134,2017,0.0,5388.0
7122,14,61,134,2017,2710189.0,17342372.0
7123,14,64,134,2017,192940.0,20236191.0
7124,14,67,134,2017,3881.0,0.0
7125,14,71,134,2017,1747100.0,387846.0
7126,14,74,134,2017,14564.0,777074.0
7127,14,77,134,2017,2648755.0,4455979.0
7128,14,81,134,2017,436064.0,7443165.0
7129,14,90,134,2017,574731.0,94864.0
7130,14,93,134,2017,1525.0,0.0
7131,14,96,134,2017,3295.0,0.0
7132,14,97,134,2017,2530344.0,563776.0
7133,14,102,134,2017,0.0,50381.0
7134,14,103,134,2017,6228962.0,803840.0
7135,14,104,134,2017,801699.0,559011.0
7136,14,106,134,2017,308311.0,989792.0
7137,14,111,134,2017,2042.0,9298718.0
7138,14,113,134,2017,4316.0,0.0
7139,14,114,134,2017,32016770.0,6375523.0
7140,14,121,134,2017,1400617.0,7894239.0
7141,14,122,134,2017,42302.0,0.0
7142,14,130,134,2017,0.0,64678.0
7143,14,138,134,2017,2077.0,47696.0
7144,14,153,134,2017,2515178.0,4652160.0
7145,14,162,134,2017,316469.0,13243185.0
7146,14,163,134,2017,101142.0,8131.0
7147,14,166,134,2017,26525455.0,13932417.0
7148,14,169,134,2017,30644.0,0.0
7149,14,173,134,2017,49339.0,1006.0
7150,14,174,134,2017,1669896.0,131134.0
7151,14,177,134,2017,158830.0,227545.0
7152,14,179,134,2017,72907.0,68073.0
7153,14,180,134,2017,5852.0,0.0
7154,14,188,134,2017,2369367.0,0.0
7155,14,192,134,2017,2197932.0,1618193.0
7156,14,197,134,2017,6259.0,0.0
7157,14,205,134,2017,842.0,0.0
7158,14,206,134,2017,1083.0,30500.0
7159,14,207,134,2017,1496.0,5773.0
7160,14,208,134,2017,0.0,486519.0
7161,14,216,134,2017,3608021.0,13032418.0
7162,14,224,134,2017,11746.0,36999.0
7163,14,230,134,2017,46522.0,0.0
7164,14,231,134,2017,11792341.0,53018394.0
7165,14,246,134,2017,1064037.0,2510541.0
7166,14,249,134,2017,1582982.0,2222382.0
7167,14,250,134,2017,2029.0,0.0
7168,14,29,134,2017,0.0,3782.0
7169,14,59,134,2017,5529.0,107852.0
7170,14,124,134,2017,25962.0,6105.0
7171,14,131,134,2017,0.0,3165.0
7172,14,168,134,2017,9662.0,0.0
7173,14,107,134,2017,531571.0,7361.0
7174,14,110,134,2017,647875.0,258368.0
7175,14,128,134,2017,1640525.0,0.0
7176,14,183,134,2017,52630.0,0.0
7177,14,228,134,2017,0.0,8079.0
7178,14,185,134,2017,11634.0,2522.0
7179,14,186,134,2017,4398113.0,4126.0
7180,14,31,134,2017,1735.0,0.0
7181,14,145,134,2017,617798.0,0.0
7182,14,226,134,2017,309485.0,0.0
7183,14,44,134,2017,37094.0,0.0
7184,14,134,134,2017,157989.0,0.0
7185,14,85,134,2017,6264.0,0.0
7186,14,239,134,2017,1150895.0,248346.0
7187,14,22,134,2017,22621.0,0.0
7188,14,72,134,2017,0.0,1298.0
7189,14,123,134,2017,19984.0,0.0
7190,14,143,134,2017,2505.0,0.0
7191,14,191,134,2017,34155.0,0.0
7192,14,16,134,2017,740.0,0.0
7193,14,28,134,2017,2620.0,2569.0
7194,14,68,134,2017,1353353.0,0.0
7195,14,100,134,2017,29551.0,0.0
7196,14,116,134,2017,15381.0,0.0
7197,14,132,134,2017,0.0,9245.0
7198,14,151,134,2017,12146.0,0.0
7199,14,167,134,2017,1204.0,0.0
7200,14,201,134,2017,0.0,1612.0
7201,14,223,134,2017,49770.0,0.0
7202,14,66,134,2017,63101.0,0.0
7203,14,83,134,2017,62133.0,0.0
7204,14,242,134,2017,16051.0,0.0
7205,14,141,134,2017,16166.0,0.0
7206,14,220,134,2017,11069.0,0.0
7207,14,176,134,2017,2834875.0,0.0
7208,14,34,134,2017,4484.0,0.0
7209,14,156,134,2017,30810.0,0.0
7210,14,247,134,2017,3995.0,0.0
7211,14,165,134,2017,10840.0,0.0
7212,14,21,134,2017,7319.0,0.0
7213,14,158,134,2017,8434.0,0.0
7214,14,240,134,2017,93950.0,0.0
7215,14,182,134,2017,1156.0,0.0
7216,14,195,134,2017,34039.0,0.0
7217,14,75,134,2017,818327.0,2241.0
7218,14,119,134,2017,4475.0,0.0
7219,14,137,134,2017,2987.0,0.0
7220,14,221,134,2017,6272.0,0.0
7221,14,56,134,2017,9434.0,0.0
7222,14,7,135,2017,0.0,93562.0
7223,14,15,135,2017,0.0,803250.0
7224,14,18,135,2017,0.0,1405.0
7225,14,23,135,2017,0.0,13419.0
7226,14,32,135,2017,0.0,46784.0
7227,14,39,135,2017,736233.0,16042801.0
7228,14,41,135,2017,0.0,197782.0
7229,14,42,135,2017,0.0,298055.0
7230,14,43,135,2017,324949.0,29132934.0
7231,14,49,135,2017,988688.0,0.0
7232,14,61,135,2017,6265.0,4201920.0
7233,14,64,135,2017,0.0,47785.0
7234,14,71,135,2017,0.0,4085638.0
7235,14,74,135,2017,0.0,42244.0
7236,14,77,135,2017,175575.0,12491409.0
7237,14,81,135,2017,0.0,7794482.0
7238,14,97,135,2017,25247.0,149949.0
7239,14,103,135,2017,5976939.0,0.0
7240,14,104,135,2017,2764.0,1371654.0
7241,14,106,135,2017,0.0,16039.0
7242,14,111,135,2017,0.0,84922.0
7243,14,114,135,2017,3581.0,1089109.0
7244,14,121,135,2017,2142.0,131264.0
7245,14,138,135,2017,0.0,3420097.0
7246,14,153,135,2017,3238.0,1060344.0
7247,14,162,135,2017,0.0,472484.0
7248,14,163,135,2017,0.0,48521.0
7249,14,166,135,2017,2151279.0,10122.0
7250,14,174,135,2017,1246708.0,8122485.0
7251,14,177,135,2017,0.0,783213.0
7252,14,192,135,2017,57006.0,612505.0
7253,14,206,135,2017,359.0,0.0
7254,14,208,135,2017,2345.0,1825548.0
7255,14,216,135,2017,1547.0,116609.0
7256,14,224,135,2017,9630.0,0.0
7257,14,231,135,2017,5779334.0,39681494.0
7258,14,246,135,2017,16445.0,6261846.0
7259,14,249,135,2017,6432.0,36404.0
7260,14,250,135,2017,7361.0,0.0
7261,14,59,135,2017,0.0,2351184.0
7262,14,44,135,2017,32630.0,0.0
7263,14,26,135,2017,0.0,275450.0
7264,14,219,135,2017,670056.0,0.0
7265,14,83,135,2017,2986.0,0.0
7266,14,176,135,2017,6397884.0,0.0
7267,14,34,135,2017,19177.0,0.0
7268,14,156,135,2017,1298648.0,0.0
7269,14,40,135,2017,15164.0,0.0
7270,14,165,135,2017,192680.0,0.0
7271,14,21,135,2017,5256.0,0.0
7272,14,195,135,2017,20715.0,0.0
7273,14,75,135,2017,910.0,0.0
7274,14,11,135,2017,4962.0,0.0
7275,14,7,136,2017,3364.0,22378.0
7276,14,8,136,2017,4035.0,0.0
7277,14,18,136,2017,28056.0,4578307.0
7278,14,32,136,2017,2131.0,189094.0
7279,14,39,136,2017,12101.0,13712.0
7280,14,41,136,2017,3875.0,927701.0
7281,14,42,136,2017,1049.0,0.0
7282,14,43,136,2017,97082.0,19717229.0
7283,14,58,136,2017,1171.0,0.0
7284,14,61,136,2017,70279.0,6822833.0
7285,14,64,136,2017,0.0,36767.0
7286,14,71,136,2017,0.0,44250.0
7287,14,74,136,2017,0.0,2037.0
7288,14,77,136,2017,0.0,70289.0
7289,14,81,136,2017,0.0,1983436.0
7290,14,97,136,2017,3078704.0,187230.0
7291,14,103,136,2017,14841.0,1725.0
7292,14,104,136,2017,32177.0,8155.0
7293,14,106,136,2017,11969.0,2828.0
7294,14,111,136,2017,1701.0,103379.0
7295,14,114,136,2017,57942.0,37013706.0
7296,14,121,136,2017,48311.0,635851.0
7297,14,130,136,2017,0.0,5966.0
7298,14,138,136,2017,0.0,30953.0
7299,14,153,136,2017,116857.0,1618275.0
7300,14,162,136,2017,102581.0,9848937.0
7301,14,166,136,2017,1293990.0,347600.0
7302,14,173,136,2017,5437.0,0.0
7303,14,174,136,2017,24076.0,2027.0
7304,14,177,136,2017,0.0,48290.0
7305,14,192,136,2017,277201.0,1680265.0
7306,14,206,136,2017,0.0,13425.0
7307,14,208,136,2017,0.0,15199.0
7308,14,216,136,2017,17421.0,301540.0
7309,14,230,136,2017,0.0,1829.0
7310,14,231,136,2017,616471.0,10860444.0
7311,14,246,136,2017,103165.0,3951.0
7312,14,249,136,2017,60981.0,71395.0
7313,14,59,136,2017,0.0,21978.0
7314,14,168,136,2017,4081.0,0.0
7315,14,110,136,2017,0.0,1854315.0
7316,14,128,136,2017,12038.0,0.0
7317,14,239,136,2017,107311.0,21749.0
7318,14,68,136,2017,4705.0,0.0
7319,14,82,136,2017,0.0,84825.0
7320,14,100,136,2017,5217.0,0.0
7321,14,164,136,2017,5567.0,0.0
7322,14,242,136,2017,33656.0,0.0
7323,14,148,136,2017,886.0,0.0
7324,14,220,136,2017,7678.0,0.0
7325,14,176,136,2017,7649512.0,0.0
7326,14,34,136,2017,10077.0,0.0
7327,14,156,136,2017,386878.0,0.0
7328,14,165,136,2017,49165.0,0.0
7329,14,240,136,2017,9382.0,0.0
7330,14,182,136,2017,22457.0,0.0
7331,14,195,136,2017,118601.0,0.0
7332,14,75,136,2017,1179396.0,1624.0
7333,14,119,136,2017,22911.0,0.0
7334,14,221,136,2017,4469.0,0.0
7335,14,225,136,2017,2590.0,0.0
7336,14,7,140,2017,13514.0,190116.0
7337,14,8,140,2017,2015954.0,9553607.0
7338,14,15,140,2017,6159.0,814814.0
7339,14,18,140,2017,110918.0,0.0
7340,14,24,140,2017,14787.0,0.0
7341,14,32,140,2017,116690.0,4867321.0
7342,14,39,140,2017,72604.0,6725.0
7343,14,41,140,2017,3675.0,8124.0
7344,14,42,140,2017,389455.0,0.0
7345,14,43,140,2017,455187758.0,858969.0
7346,14,49,140,2017,0.0,31788.0
7347,14,61,140,2017,1198333.0,2254225.0
7348,14,64,140,2017,0.0,172086.0
7349,14,71,140,2017,842286.0,330644.0
7350,14,74,140,2017,0.0,6100.0
7351,14,77,140,2017,12138189.0,307289.0
7352,14,81,140,2017,1535999.0,664998.0
7353,14,90,140,2017,96067.0,26154.0
7354,14,97,140,2017,1905721.0,56025.0
7355,14,102,140,2017,560.0,0.0
7356,14,103,140,2017,6090304.0,62860.0
7357,14,104,140,2017,8904272.0,1880332.0
7358,14,111,140,2017,28360914.0,8612008.0
7359,14,114,140,2017,3295651.0,77995.0
7360,14,121,140,2017,659204.0,307875.0
7361,14,130,140,2017,1302.0,0.0
7362,14,138,140,2017,1401713.0,931402.0
7363,14,153,140,2017,10026.0,21394.0
7364,14,162,140,2017,16272.0,411026.0
7365,14,163,140,2017,44367.0,12471.0
7366,14,166,140,2017,787901.0,13249286.0
7367,14,177,140,2017,1889886.0,37304.0
7368,14,179,140,2017,1280256.0,74585.0
7369,14,192,140,2017,2378747.0,426837.0
7370,14,206,140,2017,157486.0,584375.0
7371,14,207,140,2017,2935.0,16564.0
7372,14,208,140,2017,14330.0,569299.0
7373,14,216,140,2017,29392703.0,1069274.0
7374,14,224,140,2017,2811127.0,318577.0
7375,14,230,140,2017,777969.0,15590.0
7376,14,231,140,2017,2396958.0,1596064.0
7377,14,246,140,2017,16702.0,377497.0
7378,14,249,140,2017,4692786.0,155855.0
7379,14,168,140,2017,1328812.0,161110.0
7380,14,107,140,2017,0.0,4325.0
7381,14,110,140,2017,419602.0,99293.0
7382,14,128,140,2017,54967.0,0.0
7383,14,228,140,2017,11589.0,0.0
7384,14,73,140,2017,1947.0,0.0
7385,14,186,140,2017,6449937.0,0.0
7386,14,140,140,2017,180889.0,0.0
7387,14,134,140,2017,24539.0,879869.0
7388,14,239,140,2017,29930238.0,15288.0
7389,14,22,140,2017,5568756.0,54666.0
7390,14,159,140,2017,23364.0,0.0
7391,14,72,140,2017,18631.0,0.0
7392,14,191,140,2017,0.0,77300.0
7393,14,26,140,2017,38794.0,0.0
7394,14,68,140,2017,332759.0,0.0
7395,14,100,140,2017,18631.0,0.0
7396,14,116,140,2017,0.0,13775.0
7397,14,132,140,2017,1045.0,0.0
7398,14,187,140,2017,5087.0,0.0
7399,14,4,140,2017,560022.0,0.0
7400,14,176,140,2017,3220.0,183785.0
7401,14,45,140,2017,53197.0,0.0
7402,14,156,140,2017,10242.0,103390.0
7403,14,196,140,2017,110220.0,0.0
7404,14,215,140,2017,15125.0,0.0
7405,14,101,140,2017,45386.0,0.0
7406,14,240,140,2017,0.0,126810.0
7407,14,75,140,2017,744654.0,44059.0
7408,14,95,140,2017,49033.0,0.0
7409,14,7,142,2017,20285.0,0.0
7410,14,8,142,2017,0.0,162050.0
7411,14,15,142,2017,5651.0,10915.0
7412,14,18,142,2017,6308.0,166041.0
7413,14,32,142,2017,0.0,2141063.0
7414,14,39,142,2017,63136.0,49186.0
7415,14,41,142,2017,13772.0,8804.0
7416,14,43,142,2017,495911.0,22027101.0
7417,14,49,142,2017,0.0,24646.0
7418,14,58,142,2017,3981.0,0.0
7419,14,61,142,2017,96104.0,207128.0
7420,14,64,142,2017,0.0,44637.0
7421,14,71,142,2017,59505.0,121620.0
7422,14,74,142,2017,15140.0,108823.0
7423,14,77,142,2017,64555.0,195565.0
7424,14,81,142,2017,182402.0,180515.0
7425,14,90,142,2017,11399.0,26141.0
7426,14,97,142,2017,293899.0,184161.0
7427,14,102,142,2017,0.0,5278.0
7428,14,103,142,2017,0.0,38043.0
7429,14,104,142,2017,0.0,762954.0
7430,14,106,142,2017,0.0,31178.0
7431,14,111,142,2017,87628.0,2913538.0
7432,14,114,142,2017,47621.0,13861.0
7433,14,121,142,2017,347450.0,152052.0
7434,14,138,142,2017,0.0,3256.0
7435,14,153,142,2017,5492.0,234706.0
7436,14,162,142,2017,22575.0,0.0
7437,14,163,142,2017,54281.0,1267.0
7438,14,166,142,2017,1985818.0,422147.0
7439,14,173,142,2017,0.0,482259.0
7440,14,174,142,2017,6412.0,0.0
7441,14,177,142,2017,10734.0,155347.0
7442,14,179,142,2017,0.0,82480.0
7443,14,188,142,2017,73876.0,0.0
7444,14,192,142,2017,76899.0,200158.0
7445,14,208,142,2017,2090.0,71013.0
7446,14,216,142,2017,0.0,13560.0
7447,14,224,142,2017,0.0,515433.0
7448,14,231,142,2017,2186810.0,298712.0
7449,14,246,142,2017,3264.0,70619.0
7450,14,249,142,2017,7681.0,18895.0
7451,14,29,142,2017,0.0,9140.0
7452,14,59,142,2017,2880.0,145436.0
7453,14,124,142,2017,1260.0,0.0
7454,14,131,142,2017,0.0,1258.0
7455,14,168,142,2017,0.0,18746.0
7456,14,110,142,2017,0.0,99152.0
7457,14,183,142,2017,53543.0,0.0
7458,14,13,142,2017,0.0,14927.0
7459,14,185,142,2017,0.0,12314.0
7460,14,134,142,2017,0.0,34071.0
7461,14,239,142,2017,0.0,477717.0
7462,14,135,142,2017,0.0,4253.0
7463,14,242,142,2017,1726.0,0.0
7464,14,109,142,2017,0.0,1323.0
7465,14,176,142,2017,35190.0,0.0
7466,14,34,142,2017,3293.0,0.0
7467,14,155,142,2017,0.0,5208.0
7468,14,156,142,2017,875699.0,0.0
7469,14,158,142,2017,5273.0,0.0
7470,14,195,142,2017,6487.0,0.0
7471,14,75,142,2017,56774.0,0.0
7472,14,175,142,2017,3392.0,0.0
7473,14,95,142,2017,8289.0,0.0
7474,14,221,142,2017,4028.0,0.0
7475,14,7,143,2017,646586.0,140377.0
7476,14,8,143,2017,22088.0,260333.0
7477,14,15,143,2017,36795.0,19520615.0
7478,14,18,143,2017,2834750.0,14867721.0
7479,14,23,143,2017,0.0,278245.0
7480,14,24,143,2017,334904.0,3880877.0
7481,14,32,143,2017,88500.0,14291282.0
7482,14,39,143,2017,210004.0,37021264.0
7483,14,41,143,2017,34105.0,2317984.0
7484,14,42,143,2017,264925.0,42357331.0
7485,14,43,143,2017,997345231.0,416476026.0
7486,14,49,143,2017,193663.0,0.0
7487,14,52,143,2017,14056.0,1475.0
7488,14,58,143,2017,35046.0,22766.0
7489,14,61,143,2017,822028.0,57004754.0
7490,14,64,143,2017,2849921.0,1514736.0
7491,14,65,143,2017,3160.0,51875.0
7492,14,67,143,2017,0.0,402058.0
7493,14,71,143,2017,380436.0,7594452.0
7494,14,74,143,2017,962.0,20317383.0
7495,14,77,143,2017,979776.0,49895883.0
7496,14,81,143,2017,2779439.0,3566591.0
7497,14,90,143,2017,10741.0,303888.0
7498,14,93,143,2017,0.0,30427.0
7499,14,97,143,2017,702985.0,1096478.0
7500,14,99,143,2017,55416.0,48440.0
7501,14,102,143,2017,4442.0,1330715.0
7502,14,103,143,2017,4266091.0,196481856.0
7503,14,104,143,2017,2410723.0,6272015.0
7504,14,106,143,2017,28902.0,377400.0
7505,14,111,143,2017,112404.0,17333470.0
7506,14,113,143,2017,13442.0,21349.0
7507,14,114,143,2017,297575582.0,787255.0
7508,14,118,143,2017,77669.0,84003.0
7509,14,121,143,2017,16153485.0,712521.0
7510,14,122,143,2017,774214.0,0.0
7511,14,130,143,2017,1390.0,9508121.0
7512,14,138,143,2017,14426.0,159759.0
7513,14,153,143,2017,33502363.0,120744956.0
7514,14,162,143,2017,819165.0,5970696.0
7515,14,163,143,2017,153392.0,242454.0
7516,14,166,143,2017,27173657.0,255569375.0
7517,14,169,143,2017,6884.0,0.0
7518,14,173,143,2017,12614.0,1416945.0
7519,14,174,143,2017,981474.0,803734.0
7520,14,177,143,2017,270173.0,8897622.0
7521,14,179,143,2017,45153.0,3124506.0
7522,14,180,143,2017,0.0,45210.0
7523,14,188,143,2017,1393246.0,29866.0
7524,14,190,143,2017,1087129.0,0.0
7525,14,192,143,2017,1486065.0,3095760.0
7526,14,197,143,2017,0.0,77521.0
7527,14,205,143,2017,0.0,44359.0
7528,14,206,143,2017,12289.0,7175.0
7529,14,207,143,2017,118303.0,340521.0
7530,14,208,143,2017,250367.0,14274133.0
7531,14,216,143,2017,5764427.0,7139789.0
7532,14,224,143,2017,0.0,906295.0
7533,14,230,143,2017,0.0,32686.0
7534,14,231,143,2017,5986926.0,123174520.0
7535,14,246,143,2017,1013014.0,10019312.0
7536,14,249,143,2017,62187343.0,2480621.0
7537,14,250,143,2017,522072.0,0.0
7538,14,59,143,2017,1791293.0,24074899.0
7539,14,124,143,2017,71868.0,0.0
7540,14,131,143,2017,0.0,79327.0
7541,14,168,143,2017,61305.0,507976.0
7542,14,25,143,2017,2423.0,0.0
7543,14,107,143,2017,186267.0,90507.0
7544,14,110,143,2017,131333.0,260364.0
7545,14,128,143,2017,386948.0,562139.0
7546,14,183,143,2017,1174995.0,2833.0
7547,14,228,143,2017,0.0,584295.0
7548,14,54,143,2017,34129.0,10507.0
7549,14,73,143,2017,488480.0,1682.0
7550,14,185,143,2017,0.0,10448327.0
7551,14,186,143,2017,0.0,21564078.0
7552,14,31,143,2017,0.0,52554.0
7553,14,145,143,2017,3846.0,0.0
7554,14,226,143,2017,194241.0,18912.0
7555,14,44,143,2017,9746.0,99183.0
7556,14,134,143,2017,0.0,42538.0
7557,14,239,143,2017,5031581.0,14948444.0
7558,14,142,143,2017,12451.0,0.0
7559,14,72,143,2017,537.0,32441818.0
7560,14,143,143,2017,0.0,2045842.0
7561,14,191,143,2017,2329.0,6805.0
7562,14,16,143,2017,1399.0,0.0
7563,14,80,143,2017,0.0,52933.0
7564,14,26,143,2017,596.0,197962.0
7565,14,28,143,2017,0.0,155462.0
7566,14,68,143,2017,81333.0,82916.0
7567,14,100,143,2017,0.0,299560.0
7568,14,116,143,2017,112426.0,12499.0
7569,14,132,143,2017,0.0,1723981.0
7570,14,151,143,2017,19603.0,8208.0
7571,14,164,143,2017,25048.0,7829.0
7572,14,167,143,2017,34095.0,0.0
7573,14,201,143,2017,0.0,159077.0
7574,14,223,143,2017,55741.0,34098.0
7575,14,211,143,2017,915.0,0.0
7576,14,227,143,2017,0.0,949.0
7577,14,4,143,2017,4147.0,0.0
7578,14,248,143,2017,0.0,4011.0
7579,14,9,143,2017,2058.0,0.0
7580,14,83,143,2017,803.0,6892.0
7581,14,46,143,2017,839.0,13981.0
7582,14,242,143,2017,154738.0,5886.0
7583,14,141,143,2017,1000.0,15429.0
7584,14,109,143,2017,10817.0,0.0
7585,14,136,143,2017,1965.0,0.0
7586,14,220,143,2017,21886.0,0.0
7587,14,176,143,2017,1758154.0,6060135.0
7588,14,34,143,2017,16718.0,13238.0
7589,14,37,143,2017,17747.0,0.0
7590,14,45,143,2017,0.0,24992.0
7591,14,47,143,2017,0.0,19487.0
7592,14,92,143,2017,4104.0,0.0
7593,14,155,143,2017,2005.0,443857.0
7594,14,156,143,2017,928198.0,0.0
7595,14,196,143,2017,1319.0,0.0
7596,14,215,143,2017,1361.0,0.0
7597,14,40,143,2017,41012.0,0.0
7598,14,165,143,2017,513699.0,0.0
7599,14,21,143,2017,5895.0,0.0
7600,14,158,143,2017,122832.0,0.0
7601,14,240,143,2017,325087.0,0.0
7602,14,182,143,2017,63141.0,0.0
7603,14,195,143,2017,536607.0,3546767.0
7604,14,75,143,2017,1571123.0,687158.0
7605,14,48,143,2017,1041.0,0.0
7606,14,119,143,2017,148447.0,0.0
7607,14,137,143,2017,126410.0,0.0
7608,14,221,143,2017,20839.0,0.0
7609,14,225,143,2017,161161.0,0.0
7610,14,11,143,2017,21296.0,0.0
7611,14,56,143,2017,58512.0,0.0
7612,14,7,144,2017,9263.0,4604.0
7613,14,23,144,2017,0.0,1651.0
7614,14,32,144,2017,0.0,1417.0
7615,14,39,144,2017,0.0,12691.0
7616,14,43,144,2017,16835.0,1052133.0
7617,14,61,144,2017,0.0,109905.0
7618,14,64,144,2017,0.0,1075.0
7619,14,71,144,2017,0.0,1504212.0
7620,14,74,144,2017,0.0,1186.0
7621,14,77,144,2017,37393.0,2575021.0
7622,14,81,144,2017,3626.0,444019.0
7623,14,97,144,2017,2348.0,26592.0
7624,14,102,144,2017,0.0,8755.0
7625,14,103,144,2017,35047.0,12339.0
7626,14,104,144,2017,0.0,34532.0
7627,14,111,144,2017,972.0,571206.0
7628,14,114,144,2017,0.0,44228.0
7629,14,121,144,2017,0.0,12438.0
7630,14,138,144,2017,0.0,10938.0
7631,14,153,144,2017,0.0,5706.0
7632,14,162,144,2017,0.0,119443.0
7633,14,166,144,2017,692060.0,112853.0
7634,14,174,144,2017,0.0,8740.0
7635,14,177,144,2017,0.0,3484.0
7636,14,179,144,2017,256177.0,18759954.0
7637,14,192,144,2017,12381.0,32301.0
7638,14,208,144,2017,0.0,29061.0
7639,14,216,144,2017,0.0,7117.0
7640,14,224,144,2017,0.0,4027.0
7641,14,231,144,2017,51984.0,65466.0
7642,14,246,144,2017,0.0,1061.0
7643,14,249,144,2017,29943.0,8177.0
7644,14,159,144,2017,95485.0,0.0
7645,14,143,144,2017,8092.0,0.0
7646,14,223,144,2017,0.0,6328.0
7647,14,211,144,2017,4377.0,0.0
7648,14,176,144,2017,6529.0,0.0
7649,14,195,144,2017,763.0,0.0
7650,14,75,144,2017,19259.0,0.0
7651,14,7,145,2017,3214.0,4704.0
7652,14,18,145,2017,0.0,989.0
7653,14,39,145,2017,2681.0,4042.0
7654,14,42,145,2017,1282.0,0.0
7655,14,43,145,2017,4224.0,16556559.0
7656,14,61,145,2017,28334.0,25189.0
7657,14,64,145,2017,0.0,46013.0
7658,14,67,145,2017,0.0,1296.0
7659,14,71,145,2017,0.0,9730.0
7660,14,74,145,2017,0.0,3497.0
7661,14,77,145,2017,0.0,31972.0
7662,14,81,145,2017,0.0,30888.0
7663,14,97,145,2017,1340.0,26366.0
7664,14,102,145,2017,0.0,1899.0
7665,14,103,145,2017,3520.0,2127821.0
7666,14,104,145,2017,0.0,774243.0
7667,14,111,145,2017,0.0,6656.0
7668,14,114,145,2017,11538.0,20500.0
7669,14,118,145,2017,0.0,16098.0
7670,14,138,145,2017,0.0,41303.0
7671,14,153,145,2017,0.0,322728.0
7672,14,162,145,2017,0.0,16258.0
7673,14,166,145,2017,273156.0,40402.0
7674,14,174,145,2017,0.0,220328.0
7675,14,192,145,2017,47888.0,5133.0
7676,14,208,145,2017,0.0,13449.0
7677,14,216,145,2017,7467.0,85452.0
7678,14,224,145,2017,0.0,3331.0
7679,14,231,145,2017,9991.0,63121.0
7680,14,246,145,2017,0.0,363068.0
7681,14,249,145,2017,0.0,55856.0
7682,14,124,145,2017,0.0,1629.0
7683,14,168,145,2017,0.0,1062.0
7684,14,110,145,2017,4481.0,24198.0
7685,14,128,145,2017,0.0,152431.0
7686,14,73,145,2017,0.0,1579.0
7687,14,226,145,2017,0.0,1371.0
7688,14,134,145,2017,0.0,119606.0
7689,14,239,145,2017,1352.0,7588402.0
7690,14,22,145,2017,0.0,242569.0
7691,14,143,145,2017,0.0,143603.0
7692,14,191,145,2017,0.0,2684.0
7693,14,68,145,2017,0.0,12165.0
7694,14,116,145,2017,0.0,34973.0
7695,14,187,145,2017,0.0,10174.0
7696,14,209,145,2017,0.0,7883.0
7697,14,223,145,2017,0.0,1758.0
7698,14,248,145,2017,0.0,1604.0
7699,14,83,145,2017,0.0,33970.0
7700,14,242,145,2017,0.0,805.0
7701,14,136,145,2017,0.0,213435.0
7702,14,220,145,2017,2666.0,0.0
7703,14,176,145,2017,8202.0,2309.0
7704,14,155,145,2017,0.0,7833.0
7705,14,158,145,2017,3060.0,0.0
7706,14,195,145,2017,0.0,1347.0
7707,14,75,145,2017,19383.0,2809.0
7708,14,137,145,2017,1553.0,0.0
7709,14,221,145,2017,0.0,1233.0
7710,14,7,146,2017,5875.0,0.0
7711,14,15,146,2017,0.0,1252213.0
7712,14,18,146,2017,0.0,18566.0
7713,14,32,146,2017,0.0,27681925.0
7714,14,39,146,2017,0.0,25983808.0
7715,14,42,146,2017,0.0,9497248.0
7716,14,43,146,2017,109903980.0,249482.0
7717,14,61,146,2017,0.0,6428065.0
7718,14,71,146,2017,0.0,17298.0
7719,14,74,146,2017,0.0,2039690.0
7720,14,77,146,2017,1038632.0,96374.0
7721,14,81,146,2017,0.0,139478.0
7722,14,97,146,2017,1316269.0,6390.0
7723,14,103,146,2017,47606256.0,2281742.0
7724,14,104,146,2017,11863464.0,0.0
7725,14,106,146,2017,2588.0,216719.0
7726,14,111,146,2017,14083.0,22139.0
7727,14,114,146,2017,23105.0,2129.0
7728,14,121,146,2017,2645893.0,0.0
7729,14,122,146,2017,110685.0,0.0
7730,14,153,146,2017,5049311.0,512883.0
7731,14,162,146,2017,0.0,2972.0
7732,14,166,146,2017,2202663.0,66580316.0
7733,14,174,146,2017,254634.0,41537.0
7734,14,188,146,2017,0.0,41306.0
7735,14,192,146,2017,284151.0,3800.0
7736,14,206,146,2017,2145.0,0.0
7737,14,208,146,2017,0.0,427928.0
7738,14,216,146,2017,24345120.0,0.0
7739,14,224,146,2017,10241.0,0.0
7740,14,230,146,2017,0.0,967277.0
7741,14,231,146,2017,85390.0,15836539.0
7742,14,246,146,2017,32525.0,20561.0
7743,14,249,146,2017,898071.0,24531443.0
7744,14,168,146,2017,515558.0,0.0
7745,14,107,146,2017,220301.0,0.0
7746,14,239,146,2017,5750646.0,0.0
7747,14,22,146,2017,120958.0,0.0
7748,14,159,146,2017,2431.0,0.0
7749,14,68,146,2017,31886.0,0.0
7750,14,83,146,2017,962.0,0.0
7751,14,176,146,2017,94661.0,0.0
7752,14,156,146,2017,18056.0,21357.0
7753,14,240,146,2017,18162.0,0.0
7754,14,75,146,2017,14282.0,11979.0
7755,14,18,149,2017,2090.0,15058.0
7756,14,39,149,2017,13734.0,19010.0
7757,14,41,149,2017,0.0,22416.0
7758,14,43,149,2017,9033.0,2747385.0
7759,14,61,149,2017,0.0,70445.0
7760,14,71,149,2017,0.0,11965.0
7761,14,77,149,2017,5673.0,90214.0
7762,14,81,149,2017,80963.0,201401.0
7763,14,97,149,2017,33806.0,201925.0
7764,14,103,149,2017,10561.0,0.0
7765,14,104,149,2017,49449.0,542227.0
7766,14,106,149,2017,5524.0,0.0
7767,14,111,149,2017,5776.0,363569.0
7768,14,114,149,2017,0.0,10982.0
7769,14,121,149,2017,0.0,272531.0
7770,14,162,149,2017,0.0,2592.0
7771,14,163,149,2017,1808.0,0.0
7772,14,166,149,2017,295120.0,124020.0
7773,14,192,149,2017,14429.0,12154.0
7774,14,208,149,2017,0.0,2094.0
7775,14,216,149,2017,32709.0,48255.0
7776,14,224,149,2017,0.0,241266.0
7777,14,231,149,2017,50817.0,160780.0
7778,14,246,149,2017,0.0,2389.0
7779,14,249,149,2017,0.0,2021.0
7780,14,59,149,2017,0.0,3765.0
7781,14,128,149,2017,9383.0,0.0
7782,14,239,149,2017,55953.0,2863.0
7783,14,123,149,2017,0.0,2624.0
7784,14,176,149,2017,22125.0,0.0
7785,14,156,149,2017,8905.0,0.0
7786,14,75,149,2017,39438.0,8263.0
7787,14,137,149,2017,963.0,0.0
7788,14,7,150,2017,15703.0,0.0
7789,14,15,150,2017,863280.0,182690.0
7790,14,18,150,2017,121082.0,1903187.0
7791,14,23,150,2017,4747439.0,348584.0
7792,14,32,150,2017,175172.0,0.0
7793,14,39,150,2017,330289.0,7375.0
7794,14,41,150,2017,78094.0,17231.0
7795,14,42,150,2017,0.0,15260.0
7796,14,43,150,2017,1695843078.0,11786877.0
7797,14,49,150,2017,19037.0,4534.0
7798,14,61,150,2017,25153030.0,269268.0
7799,14,64,150,2017,26789.0,1713261.0
7800,14,71,150,2017,494485.0,123634.0
7801,14,77,150,2017,719280.0,44873.0
7802,14,81,150,2017,8687264.0,2837715.0
7803,14,97,150,2017,173859.0,166553.0
7804,14,103,150,2017,102964.0,455752.0
7805,14,104,150,2017,126011355.0,1586017.0
7806,14,106,150,2017,903291.0,83486.0
7807,14,111,150,2017,131185781.0,3780500.0
7808,14,114,150,2017,9688900.0,248991.0
7809,14,121,150,2017,66769170.0,436233.0
7810,14,130,150,2017,350863.0,41407.0
7811,14,138,150,2017,1724319.0,6823.0
7812,14,153,150,2017,14493545.0,106495.0
7813,14,162,150,2017,542870.0,207887.0
7814,14,163,150,2017,8057.0,5504.0
7815,14,166,150,2017,2195532.0,22181000.0
7816,14,173,150,2017,18167.0,490953.0
7817,14,174,150,2017,2385.0,0.0
7818,14,177,150,2017,386523.0,0.0
7819,14,179,150,2017,218138.0,58571.0
7820,14,188,150,2017,2191.0,0.0
7821,14,192,150,2017,277472.0,12429.0
7822,14,207,150,2017,925.0,0.0
7823,14,208,150,2017,1341.0,6541.0
7824,14,216,150,2017,23517585.0,198304.0
7825,14,224,150,2017,1289660.0,575757.0
7826,14,230,150,2017,102644.0,86484.0
7827,14,231,150,2017,4745000.0,335821.0
7828,14,246,150,2017,2069607.0,40678.0
7829,14,249,150,2017,17766042.0,16465.0
7830,14,59,150,2017,94977675.0,280925.0
7831,14,168,150,2017,871963.0,1393.0
7832,14,107,150,2017,8751736.0,0.0
7833,14,110,150,2017,0.0,8825.0
7834,14,128,150,2017,79919.0,3118.0
7835,14,228,150,2017,809081.0,18943.0
7836,14,185,150,2017,0.0,25892.0
7837,14,186,150,2017,633.0,0.0
7838,14,134,150,2017,2034.0,0.0
7839,14,239,150,2017,1323334.0,38349.0
7840,14,22,150,2017,9422.0,0.0
7841,14,28,150,2017,30599.0,0.0
7842,14,68,150,2017,24468955.0,0.0
7843,14,82,150,2017,3402662.0,0.0
7844,14,151,150,2017,2500248.0,0.0
7845,14,164,150,2017,0.0,4185.0
7846,14,167,150,2017,1209.0,0.0
7847,14,223,150,2017,293660.0,0.0
7848,14,83,150,2017,0.0,305.0
7849,14,176,150,2017,4643.0,0.0
7850,14,45,150,2017,64495.0,0.0
7851,14,195,150,2017,27235.0,0.0
7852,14,75,150,2017,1818539.0,842.0
7853,14,7,151,2017,691145.0,10673.0
7854,14,15,151,2017,0.0,3094.0
7855,14,18,151,2017,2742.0,93732.0
7856,14,23,151,2017,0.0,34404.0
7857,14,24,151,2017,0.0,38304.0
7858,14,32,151,2017,0.0,7543.0
7859,14,39,151,2017,12050.0,122259.0
7860,14,41,151,2017,1013.0,60122.0
7861,14,43,151,2017,315006756.0,17702176.0
7862,14,61,151,2017,163152.0,891932.0
7863,14,64,151,2017,23241.0,84439.0
7864,14,67,151,2017,0.0,3625.0
7865,14,71,151,2017,26901.0,251854.0
7866,14,74,151,2017,0.0,73845.0
7867,14,77,151,2017,23924.0,742745.0
7868,14,81,151,2017,490388.0,1500700.0
7869,14,90,151,2017,0.0,127343.0
7870,14,97,151,2017,406407.0,381315.0
7871,14,102,151,2017,0.0,15594.0
7872,14,103,151,2017,91527249.0,1717489.0
7873,14,104,151,2017,90709114.0,6691968.0
7874,14,111,151,2017,803494.0,2646969.0
7875,14,114,151,2017,18816561.0,2585604.0
7876,14,121,151,2017,18086396.0,3767853.0
7877,14,130,151,2017,0.0,1282.0
7878,14,138,151,2017,5441.0,3709.0
7879,14,153,151,2017,27308059.0,7438752.0
7880,14,162,151,2017,2266.0,123900.0
7881,14,163,151,2017,2158.0,0.0
7882,14,166,151,2017,2380214.0,1629148.0
7883,14,173,151,2017,0.0,26192.0
7884,14,174,151,2017,18113.0,14465.0
7885,14,177,151,2017,3410.0,10093.0
7886,14,179,151,2017,0.0,9213.0
7887,14,192,151,2017,180620.0,192976.0
7888,14,207,151,2017,0.0,2676.0
7889,14,208,151,2017,5050.0,92335.0
7890,14,216,151,2017,68005557.0,1032343.0
7891,14,224,151,2017,53437739.0,1363705.0
7892,14,231,151,2017,275068.0,5751763.0
7893,14,246,151,2017,0.0,32879.0
7894,14,249,151,2017,14324997.0,217292.0
7895,14,59,151,2017,0.0,9540.0
7896,14,131,151,2017,2458.0,0.0
7897,14,168,151,2017,7691923.0,8415753.0
7898,14,110,151,2017,4521.0,0.0
7899,14,128,151,2017,105514.0,4201.0
7900,14,183,151,2017,1024.0,0.0
7901,14,44,151,2017,1202.0,0.0
7902,14,140,151,2017,247.0,0.0
7903,14,134,151,2017,0.0,1009.0
7904,14,239,151,2017,260336248.0,984473.0
7905,14,22,151,2017,293833888.0,11315.0
7906,14,19,151,2017,3125.0,0.0
7907,14,123,151,2017,69751.0,0.0
7908,14,143,151,2017,26113.0,0.0
7909,14,191,151,2017,6734.0,0.0
7910,14,68,151,2017,0.0,12489.0
7911,14,82,151,2017,0.0,3036.0
7912,14,116,151,2017,0.0,1591.0
7913,14,132,151,2017,0.0,1692.0
7914,14,151,151,2017,0.0,2841.0
7915,14,164,151,2017,9487.0,0.0
7916,14,17,151,2017,6375.0,0.0
7917,14,83,151,2017,0.0,650.0
7918,14,242,151,2017,1264.0,0.0
7919,14,141,151,2017,38658.0,829.0
7920,14,176,151,2017,37740.0,0.0
7921,14,34,151,2017,822490.0,0.0
7922,14,156,151,2017,167564.0,0.0
7923,14,165,151,2017,4374.0,0.0
7924,14,240,151,2017,4820.0,0.0
7925,14,195,151,2017,23119.0,0.0
7926,14,75,151,2017,4522029.0,222496.0
7927,14,137,151,2017,8667.0,0.0
7928,14,221,151,2017,5941.0,0.0
7929,14,7,153,2017,44376.0,3505540.0
7930,14,8,153,2017,58025.0,0.0
7931,14,15,153,2017,0.0,249169.0
7932,14,18,153,2017,11202.0,29902809.0
7933,14,23,153,2017,4956.0,19452.0
7934,14,24,153,2017,6160.0,0.0
7935,14,32,153,2017,198134.0,0.0
7936,14,39,153,2017,529446.0,155599.0
7937,14,41,153,2017,3167.0,127632.0
7938,14,42,153,2017,229306.0,0.0
7939,14,43,153,2017,1244712.0,79676735.0
7940,14,52,153,2017,7820.0,0.0
7941,14,61,153,2017,54474.0,6541949.0
7942,14,64,153,2017,0.0,378227.0
7943,14,65,153,2017,0.0,417401.0
7944,14,67,153,2017,0.0,1899070.0
7945,14,71,153,2017,6128.0,705276.0
7946,14,77,153,2017,42012.0,15241350.0
7947,14,81,153,2017,68344.0,4783668.0
7948,14,90,153,2017,0.0,280830.0
7949,14,97,153,2017,407604.0,612739.0
7950,14,102,153,2017,539.0,9707.0
7951,14,103,153,2017,1228843.0,5136865.0
7952,14,104,153,2017,136830.0,12561482.0
7953,14,106,153,2017,0.0,1412953.0
7954,14,111,153,2017,63429.0,3090557.0
7955,14,114,153,2017,1200882.0,5004624.0
7956,14,118,153,2017,0.0,64181.0
7957,14,121,153,2017,162974.0,6196156.0
7958,14,122,153,2017,4255.0,0.0
7959,14,130,153,2017,0.0,29419.0
7960,14,138,153,2017,0.0,55671.0
7961,14,153,153,2017,114616.0,2474882.0
7962,14,162,153,2017,154994.0,2860643.0
7963,14,166,153,2017,10453758.0,1901303.0
7964,14,173,153,2017,0.0,1438.0
7965,14,174,153,2017,41114.0,63323.0
7966,14,177,153,2017,31878.0,1544225.0
7967,14,179,153,2017,0.0,435241.0
7968,14,188,153,2017,0.0,6907538.0
7969,14,192,153,2017,118512.0,1919011.0
7970,14,207,153,2017,0.0,7244.0
7971,14,208,153,2017,0.0,38940.0
7972,14,216,153,2017,925628.0,15551990.0
7973,14,224,153,2017,94354.0,8333506.0
7974,14,231,153,2017,3339636.0,9384739.0
7975,14,246,153,2017,97788.0,420019.0
7976,14,249,153,2017,149000.0,8977559.0
7977,14,29,153,2017,0.0,2145.0
7978,14,59,153,2017,5674.0,1946.0
7979,14,124,153,2017,2794.0,4451.0
7980,14,168,153,2017,0.0,218626.0
7981,14,2,153,2017,606.0,0.0
7982,14,107,153,2017,0.0,1038.0
7983,14,110,153,2017,10643.0,362530.0
7984,14,128,153,2017,148279.0,415285.0
7985,14,183,153,2017,11521.0,0.0
7986,14,185,153,2017,1673.0,68572.0
7987,14,239,153,2017,382730.0,721082.0
7988,14,123,153,2017,8576.0,0.0
7989,14,143,153,2017,9974.0,0.0
7990,14,68,153,2017,6583.0,0.0
7991,14,147,153,2017,82057.0,0.0
7992,14,151,153,2017,7507.0,0.0
7993,14,164,153,2017,6144.0,0.0
7994,14,167,153,2017,2275.0,0.0
7995,14,223,153,2017,8758.0,0.0
7996,14,83,153,2017,4791.0,1305.0
7997,14,242,153,2017,2870.0,0.0
7998,14,136,153,2017,9001.0,0.0
7999,14,176,153,2017,101652.0,0.0
8000,14,34,153,2017,29212.0,0.0
8001,14,133,153,2017,1280.0,2950.0
8002,14,156,153,2017,62106.0,0.0
8003,14,40,153,2017,2111.0,0.0
8004,14,195,153,2017,1059.0,0.0
8005,14,75,153,2017,1444221.0,95566.0
8006,14,137,153,2017,46276.0,0.0
8007,14,146,153,2017,2438.0,0.0
8008,14,221,153,2017,8759.0,0.0
8009,14,7,154,2017,137184.0,183987.0
8010,14,15,154,2017,2582.0,258886.0
8011,14,18,154,2017,164595.0,728351.0
8012,14,23,154,2017,0.0,22641.0
8013,14,24,154,2017,5561.0,0.0
8014,14,32,154,2017,53266.0,1887.0
8015,14,39,154,2017,244042.0,110759.0
8016,14,41,154,2017,9714.0,1028228.0
8017,14,42,154,2017,15228.0,0.0
8018,14,43,154,2017,542354.0,18727458.0
8019,14,61,154,2017,108863.0,5349672.0
8020,14,64,154,2017,0.0,198973.0
8021,14,71,154,2017,648919.0,2148579.0
8022,14,74,154,2017,856.0,0.0
8023,14,77,154,2017,155887.0,1519374.0
8024,14,81,154,2017,229375.0,3291640.0
8025,14,90,154,2017,0.0,12641.0
8026,14,97,154,2017,160778.0,715749.0
8027,14,102,154,2017,0.0,3803.0
8028,14,103,154,2017,446145.0,8257765.0
8029,14,104,154,2017,285002.0,8440934.0
8030,14,106,154,2017,0.0,11373.0
8031,14,111,154,2017,97713.0,2840588.0
8032,14,113,154,2017,2671.0,0.0
8033,14,114,154,2017,8575.0,1228688.0
8034,14,118,154,2017,9213.0,0.0
8035,14,121,154,2017,11537.0,13238001.0
8036,14,130,154,2017,0.0,1660.0
8037,14,138,154,2017,0.0,48233.0
8038,14,153,154,2017,147620.0,912690.0
8039,14,162,154,2017,14081.0,409046.0
8040,14,163,154,2017,825.0,0.0
8041,14,166,154,2017,4576508.0,3586317.0
8042,14,173,154,2017,35616.0,0.0
8043,14,174,154,2017,233171.0,0.0
8044,14,179,154,2017,0.0,103334.0
8045,14,192,154,2017,161610.0,86749.0
8046,14,207,154,2017,18303.0,0.0
8047,14,208,154,2017,0.0,5725.0
8048,14,216,154,2017,218193.0,3572299.0
8049,14,224,154,2017,38903.0,2948135.0
8050,14,230,154,2017,11216.0,0.0
8051,14,231,154,2017,175198.0,8200204.0
8052,14,246,154,2017,4805.0,27616.0
8053,14,249,154,2017,95456.0,14124831.0
8054,14,59,154,2017,129853.0,0.0
8055,14,124,154,2017,0.0,10932.0
8056,14,168,154,2017,106171.0,953609.0
8057,14,110,154,2017,0.0,433220.0
8058,14,128,154,2017,145067.0,13773.0
8059,14,183,154,2017,24645.0,0.0
8060,14,185,154,2017,0.0,4059.0
8061,14,226,154,2017,818.0,0.0
8062,14,239,154,2017,518718.0,259067.0
8063,14,123,154,2017,1104823.0,0.0
8064,14,143,154,2017,25380.0,28375.0
8065,14,151,154,2017,0.0,5354.0
8066,14,223,154,2017,12393.0,17657.0
8067,14,211,154,2017,572.0,0.0
8068,14,66,154,2017,1547.0,0.0
8069,14,242,154,2017,89477.0,0.0
8070,14,136,154,2017,846.0,0.0
8071,14,176,154,2017,110138.0,0.0
8072,14,156,154,2017,1918.0,0.0
8073,14,158,154,2017,4743.0,0.0
8074,14,182,154,2017,3474.0,0.0
8075,14,195,154,2017,19326.0,0.0
8076,14,75,154,2017,9873850.0,73978.0
8077,14,137,154,2017,2757.0,0.0
8078,14,221,154,2017,7901.0,0.0
8079,14,1,155,2017,0.0,4324.0
8080,14,7,155,2017,144594.0,376080.0
8081,14,8,155,2017,382357.0,0.0
8082,14,15,155,2017,1542.0,35355.0
8083,14,18,155,2017,10984.0,462168.0
8084,14,24,155,2017,10260.0,0.0
8085,14,32,155,2017,505113.0,632268.0
8086,14,39,155,2017,103723.0,410234.0
8087,14,41,155,2017,619888.0,172510.0
8088,14,42,155,2017,25425.0,0.0
8089,14,43,155,2017,3055103.0,102320651.0
8090,14,49,155,2017,721104.0,0.0
8091,14,52,155,2017,124892.0,0.0
8092,14,61,155,2017,450629.0,11212925.0
8093,14,64,155,2017,81367.0,725201.0
8094,14,65,155,2017,0.0,1714.0
8095,14,67,155,2017,4384.0,0.0
8096,14,71,155,2017,17038.0,516247.0
8097,14,74,155,2017,1012.0,576007.0
8098,14,77,155,2017,19267.0,868209.0
8099,14,81,155,2017,332088.0,2770241.0
8100,14,90,155,2017,0.0,1840134.0
8101,14,97,155,2017,1092694.0,434275.0
8102,14,102,155,2017,0.0,386783.0
8103,14,103,155,2017,845562.0,6287008.0
8104,14,104,155,2017,418560.0,7584958.0
8105,14,106,155,2017,21267.0,184694.0
8106,14,111,155,2017,42486.0,3468051.0
8107,14,114,155,2017,62466.0,2814693.0
8108,14,118,155,2017,4905.0,0.0
8109,14,121,155,2017,1900553.0,5701614.0
8110,14,122,155,2017,24683.0,0.0
8111,14,130,155,2017,348896.0,966156.0
8112,14,138,155,2017,840673.0,109636.0
8113,14,153,155,2017,567736.0,11811400.0
8114,14,160,155,2017,0.0,5393.0
8115,14,162,155,2017,40991.0,5427721.0
8116,14,163,155,2017,1488.0,345167.0
8117,14,166,155,2017,5128468.0,4994095.0
8118,14,173,155,2017,1512.0,0.0
8119,14,174,155,2017,391502.0,551426.0
8120,14,177,155,2017,0.0,62715.0
8121,14,179,155,2017,5825.0,3003309.0
8122,14,188,155,2017,22482.0,2961021.0
8123,14,192,155,2017,4897089.0,650161.0
8124,14,206,155,2017,0.0,153719.0
8125,14,207,155,2017,0.0,87744.0
8126,14,208,155,2017,40255.0,1261491.0
8127,14,216,155,2017,84060.0,3703414.0
8128,14,224,155,2017,0.0,416201.0
8129,14,230,155,2017,1059.0,0.0
8130,14,231,155,2017,8671590.0,30149005.0
8131,14,246,155,2017,406724.0,1721856.0
8132,14,249,155,2017,132297.0,10659113.0
8133,14,250,155,2017,84711.0,0.0
8134,14,59,155,2017,976902.0,1951721.0
8135,14,131,155,2017,0.0,186613.0
8136,14,168,155,2017,28923.0,31212.0
8137,14,107,155,2017,8513.0,0.0
8138,14,110,155,2017,421692.0,810086.0
8139,14,115,155,2017,7220.0,0.0
8140,14,128,155,2017,60006.0,974913.0
8141,14,183,155,2017,53569.0,0.0
8142,14,228,155,2017,0.0,5410.0
8143,14,185,155,2017,0.0,204416.0
8144,14,186,155,2017,1697805.0,0.0
8145,14,145,155,2017,98494.0,352.0
8146,14,226,155,2017,6482.0,98805.0
8147,14,44,155,2017,4322.0,0.0
8148,14,134,155,2017,0.0,3826.0
8149,14,239,155,2017,1732681.0,19904644.0
8150,14,22,155,2017,33363.0,567617.0
8151,14,159,155,2017,5249.0,0.0
8152,14,72,155,2017,9714.0,21392.0
8153,14,123,155,2017,6635.0,0.0
8154,14,191,155,2017,8689.0,0.0
8155,14,16,155,2017,0.0,20995.0
8156,14,28,155,2017,130.0,0.0
8157,14,68,155,2017,9546.0,0.0
8158,14,100,155,2017,979.0,108005.0
8159,14,116,155,2017,1138.0,4484.0
8160,14,132,155,2017,8292.0,0.0
8161,14,147,155,2017,0.0,52722.0
8162,14,151,155,2017,20341.0,1520.0
8163,14,164,155,2017,0.0,83291.0
8164,14,167,155,2017,50310.0,0.0
8165,14,223,155,2017,0.0,31306.0
8166,14,83,155,2017,46422.0,0.0
8167,14,46,155,2017,9092.0,0.0
8168,14,242,155,2017,14574.0,4451.0
8169,14,141,155,2017,6198.0,0.0
8170,14,148,155,2017,2111.0,0.0
8171,14,109,155,2017,0.0,5666.0
8172,14,136,155,2017,11305.0,129655.0
8173,14,220,155,2017,20129.0,0.0
8174,14,176,155,2017,897529.0,0.0
8175,14,34,155,2017,5974.0,0.0
8176,14,156,155,2017,43155.0,0.0
8177,14,196,155,2017,0.0,57499.0
8178,14,215,155,2017,3824.0,0.0
8179,14,241,155,2017,3749.0,0.0
8180,14,21,155,2017,5900.0,0.0
8181,14,158,155,2017,1929.0,0.0
8182,14,240,155,2017,175234.0,0.0
8183,14,182,155,2017,7453.0,0.0
8184,14,195,155,2017,53680.0,0.0
8185,14,75,155,2017,438702.0,19954.0
8186,14,119,155,2017,1739.0,0.0
8187,14,137,155,2017,45049.0,0.0
8188,14,56,155,2017,15586.0,0.0
8189,14,1,156,2017,0.0,57923.0
8190,14,7,156,2017,146627.0,13138238.0
8191,14,8,156,2017,13563.0,212869.0
8192,14,15,156,2017,0.0,122974.0
8193,14,18,156,2017,7917.0,10692411.0
8194,14,23,156,2017,0.0,56053.0
8195,14,24,156,2017,9015.0,0.0
8196,14,32,156,2017,0.0,27415.0
8197,14,39,156,2017,135476.0,127729.0
8198,14,41,156,2017,9410.0,465140.0
8199,14,42,156,2017,32582.0,0.0
8200,14,43,156,2017,175759.0,119024072.0
8201,14,49,156,2017,0.0,14365.0
8202,14,55,156,2017,0.0,28288.0
8203,14,58,156,2017,0.0,1089.0
8204,14,61,156,2017,44813.0,4040006.0
8205,14,64,156,2017,759.0,2061839.0
8206,14,71,156,2017,977.0,169002.0
8207,14,74,156,2017,3089.0,48501.0
8208,14,77,156,2017,24914.0,1448992.0
8209,14,81,156,2017,198809.0,3828923.0
8210,14,90,156,2017,0.0,196462.0
8211,14,96,156,2017,0.0,1512.0
8212,14,97,156,2017,508219.0,279262.0
8213,14,102,156,2017,0.0,74673.0
8214,14,103,156,2017,379039.0,5582286.0
8215,14,104,156,2017,361014.0,67739058.0
8216,14,106,156,2017,2834.0,840854.0
8217,14,111,156,2017,17715.0,1544437.0
8218,14,114,156,2017,109061.0,4931702.0
8219,14,118,156,2017,0.0,20442.0
8220,14,121,156,2017,296863.0,1413368.0
8221,14,122,156,2017,1341.0,1479.0
8222,14,130,156,2017,0.0,3636.0
8223,14,138,156,2017,0.0,354575.0
8224,14,153,156,2017,53588.0,4328613.0
8225,14,162,156,2017,118778.0,9471880.0
8226,14,163,156,2017,1560.0,0.0
8227,14,166,156,2017,28837109.0,76794314.0
8228,14,169,156,2017,1256.0,0.0
8229,14,173,156,2017,0.0,76195.0
8230,14,174,156,2017,35650.0,54178.0
8231,14,177,156,2017,0.0,1362121.0
8232,14,179,156,2017,4484.0,1692859.0
8233,14,188,156,2017,4940.0,1951287.0
8234,14,192,156,2017,480511.0,428792.0
8235,14,206,156,2017,6365.0,92921.0
8236,14,208,156,2017,27141.0,1702856.0
8237,14,216,156,2017,23081.0,19896462.0
8238,14,224,156,2017,17651.0,16019388.0
8239,14,231,156,2017,1425640.0,31237065.0
8240,14,246,156,2017,17348.0,3929415.0
8241,14,249,156,2017,70208.0,1311129.0
8242,14,250,156,2017,178599.0,0.0
8243,14,59,156,2017,39527.0,293020.0
8244,14,124,156,2017,0.0,11500.0
8245,14,168,156,2017,246036.0,2643771.0
8246,14,107,156,2017,4776.0,5233956.0
8247,14,110,156,2017,10455.0,955545.0
8248,14,128,156,2017,11573.0,854084.0
8249,14,183,156,2017,0.0,16105.0
8250,14,185,156,2017,0.0,79923.0
8251,14,186,156,2017,41842.0,0.0
8252,14,140,156,2017,353.0,0.0
8253,14,134,156,2017,2594.0,587678.0
8254,14,239,156,2017,5582.0,252885.0
8255,14,22,156,2017,0.0,1247472.0
8256,14,142,156,2017,927.0,0.0
8257,14,72,156,2017,0.0,21729.0
8258,14,143,156,2017,31928.0,0.0
8259,14,26,156,2017,1245.0,0.0
8260,14,68,156,2017,0.0,3529082.0
8261,14,116,156,2017,1672.0,0.0
8262,14,132,156,2017,11733.0,0.0
8263,14,135,156,2017,0.0,3055.0
8264,14,151,156,2017,1950.0,0.0
8265,14,164,156,2017,3694.0,2075711.0
8266,14,167,156,2017,0.0,26161.0
8267,14,211,156,2017,436.0,0.0
8268,14,248,156,2017,2264.0,0.0
8269,14,9,156,2017,0.0,2270.0
8270,14,83,156,2017,26793.0,0.0
8271,14,242,156,2017,2999.0,0.0
8272,14,136,156,2017,0.0,2285.0
8273,14,220,156,2017,17982.0,0.0
8274,14,176,156,2017,448906.0,0.0
8275,14,34,156,2017,2457.0,0.0
8276,14,133,156,2017,0.0,1138.0
8277,14,156,156,2017,18891.0,0.0
8278,14,196,156,2017,8298.0,0.0
8279,14,158,156,2017,6650.0,0.0
8280,14,240,156,2017,12439.0,0.0
8281,14,182,156,2017,2032.0,0.0
8282,14,195,156,2017,46607.0,0.0
8283,14,75,156,2017,244293.0,0.0
8284,14,137,156,2017,24497.0,0.0
8285,14,221,156,2017,1735.0,0.0
8286,14,7,157,2017,195300.0,39932.0
8287,14,15,157,2017,0.0,280799.0
8288,14,18,157,2017,0.0,578840.0
8289,14,24,157,2017,3432.0,0.0
8290,14,32,157,2017,0.0,2378.0
8291,14,39,157,2017,18723.0,68321.0
8292,14,41,157,2017,3134.0,294550.0
8293,14,42,157,2017,0.0,64051.0
8294,14,43,157,2017,975244.0,19374432.0
8295,14,49,157,2017,0.0,9412.0
8296,14,61,157,2017,6826.0,2317051.0
8297,14,64,157,2017,2005.0,396009.0
8298,14,67,157,2017,0.0,1060.0
8299,14,71,157,2017,11609.0,102519.0
8300,14,74,157,2017,0.0,15939.0
8301,14,77,157,2017,4801.0,1217120.0
8302,14,81,157,2017,88439.0,2718532.0
8303,14,90,157,2017,0.0,43784.0
8304,14,97,157,2017,438830.0,545727.0
8305,14,103,157,2017,118010.0,1403078.0
8306,14,104,157,2017,53222.0,2222512.0
8307,14,106,157,2017,926.0,6809.0
8308,14,111,157,2017,25378.0,1549669.0
8309,14,114,157,2017,10254.0,233344.0
8310,14,118,157,2017,4620.0,1200.0
8311,14,121,157,2017,158920.0,271356.0
8312,14,122,157,2017,26483.0,0.0
8313,14,138,157,2017,0.0,337070.0
8314,14,153,157,2017,152732.0,538880.0
8315,14,162,157,2017,14701.0,173981.0
8316,14,163,157,2017,7975.0,1497.0
8317,14,166,157,2017,1046349.0,428303.0
8318,14,174,157,2017,25106.0,2403.0
8319,14,177,157,2017,17428.0,4417.0
8320,14,179,157,2017,0.0,73173.0
8321,14,188,157,2017,906.0,65424.0
8322,14,192,157,2017,189808.0,640546.0
8323,14,208,157,2017,1072.0,131256.0
8324,14,216,157,2017,146778.0,645219.0
8325,14,224,157,2017,1711.0,722503.0
8326,14,231,157,2017,744879.0,3560461.0
8327,14,246,157,2017,1006.0,922880.0
8328,14,249,157,2017,23338.0,1804620.0
8329,14,59,157,2017,156125.0,6707.0
8330,14,124,157,2017,0.0,89788.0
8331,14,168,157,2017,0.0,218274.0
8332,14,107,157,2017,6003.0,14420.0
8333,14,110,157,2017,0.0,19514.0
8334,14,128,157,2017,148577.0,12911.0
8335,14,183,157,2017,2160.0,0.0
8336,14,185,157,2017,0.0,3495.0
8337,14,145,157,2017,5130.0,0.0
8338,14,134,157,2017,11545.0,1517.0
8339,14,239,157,2017,365575.0,446640.0
8340,14,22,157,2017,0.0,58508.0
8341,14,142,157,2017,0.0,1747.0
8342,14,72,157,2017,4860.0,1085.0
8343,14,19,157,2017,2180.0,0.0
8344,14,16,157,2017,30505.0,0.0
8345,14,164,157,2017,0.0,977.0
8346,14,167,157,2017,1453.0,0.0
8347,14,223,157,2017,35659.0,0.0
8348,14,227,157,2017,1134.0,0.0
8349,14,248,157,2017,0.0,1695.0
8350,14,83,157,2017,3248.0,0.0
8351,14,242,157,2017,959.0,0.0
8352,14,136,157,2017,1373.0,0.0
8353,14,176,157,2017,33288.0,0.0
8354,14,34,157,2017,3176.0,0.0
8355,14,133,157,2017,0.0,25748.0
8356,14,156,157,2017,12262.0,0.0
8357,14,157,157,2017,0.0,4970.0
8358,14,196,157,2017,895.0,0.0
8359,14,165,157,2017,1534.0,0.0
8360,14,21,157,2017,882.0,0.0
8361,14,158,157,2017,7664.0,0.0
8362,14,240,157,2017,5088.0,0.0
8363,14,195,157,2017,10877.0,0.0
8364,14,75,157,2017,228025.0,9119.0
8365,14,137,157,2017,3441.0,0.0
8366,14,1,158,2017,0.0,1428.0
8367,14,7,158,2017,240532.0,6695.0
8368,14,8,158,2017,998.0,0.0
8369,14,15,158,2017,12898.0,530269.0
8370,14,18,158,2017,68165.0,3656645.0
8371,14,23,158,2017,1752.0,2433.0
8372,14,24,158,2017,1608.0,0.0
8373,14,32,158,2017,244571.0,339270.0
8374,14,39,158,2017,330710.0,958260.0
8375,14,41,158,2017,22653.0,618412.0
8376,14,42,158,2017,68522.0,0.0
8377,14,43,158,2017,4539055.0,83640943.0
8378,14,49,158,2017,12186.0,44986.0
8379,14,52,158,2017,0.0,147118.0
8380,14,58,158,2017,2941.0,0.0
8381,14,61,158,2017,160777.0,10592508.0
8382,14,64,158,2017,8764.0,267569.0
8383,14,65,158,2017,610.0,0.0
8384,14,71,158,2017,96248.0,1698363.0
8385,14,74,158,2017,3756.0,604600.0
8386,14,77,158,2017,102938.0,2006590.0
8387,14,81,158,2017,303440.0,7451180.0
8388,14,90,158,2017,1761.0,192074.0
8389,14,97,158,2017,1207570.0,459540.0
8390,14,102,158,2017,0.0,22154.0
8391,14,103,158,2017,1516845.0,3282582.0
8392,14,104,158,2017,589056.0,1206813.0
8393,14,106,158,2017,2274.0,53170.0
8394,14,111,158,2017,18667.0,2839492.0
8395,14,113,158,2017,7006.0,8904.0
8396,14,114,158,2017,95655.0,3757501.0
8397,14,118,158,2017,4718.0,15715.0
8398,14,121,158,2017,617465.0,17292791.0
8399,14,122,158,2017,18543.0,0.0
8400,14,138,158,2017,143666.0,1449204.0
8401,14,153,158,2017,798799.0,4151300.0
8402,14,160,158,2017,1328.0,0.0
8403,14,162,158,2017,50336.0,5903545.0
8404,14,163,158,2017,9380.0,172768.0
8405,14,166,158,2017,5362749.0,4485465.0
8406,14,169,158,2017,9768.0,13756.0
8407,14,173,158,2017,69544.0,0.0
8408,14,174,158,2017,241630.0,273185.0
8409,14,177,158,2017,225221.0,101085.0
8410,14,179,158,2017,0.0,2196078.0
8411,14,188,158,2017,25715.0,0.0
8412,14,192,158,2017,7121785.0,2146804.0
8413,14,205,158,2017,665.0,0.0
8414,14,206,158,2017,0.0,59349.0
8415,14,207,158,2017,0.0,32498.0
8416,14,208,158,2017,0.0,314583.0
8417,14,216,158,2017,512070.0,960056.0
8418,14,224,158,2017,17269.0,301461.0
8419,14,231,158,2017,4964331.0,20657007.0
8420,14,246,158,2017,200135.0,746744.0
8421,14,249,158,2017,56488.0,4980803.0
8422,14,250,158,2017,1482.0,0.0
8423,14,59,158,2017,48398.0,347879.0
8424,14,124,158,2017,2624.0,0.0
8425,14,168,158,2017,49449.0,127393.0
8426,14,107,158,2017,41376.0,0.0
8427,14,110,158,2017,747.0,107712.0
8428,14,115,158,2017,1531.0,0.0
8429,14,128,158,2017,65361.0,118057.0
8430,14,183,158,2017,8293.0,0.0
8431,14,185,158,2017,697.0,265607.0
8432,14,186,158,2017,30038.0,19119.0
8433,14,145,158,2017,35305.0,0.0
8434,14,44,158,2017,10724.0,0.0
8435,14,239,158,2017,1336563.0,949502.0
8436,14,22,158,2017,6454.0,0.0
8437,14,159,158,2017,20891.0,0.0
8438,14,72,158,2017,6217.0,0.0
8439,14,123,158,2017,53600.0,0.0
8440,14,16,158,2017,2710.0,0.0
8441,14,68,158,2017,7265.0,0.0
8442,14,132,158,2017,0.0,8610.0
8443,14,164,158,2017,25584.0,0.0
8444,14,167,158,2017,3425.0,0.0
8445,14,201,158,2017,0.0,1048.0
8446,14,223,158,2017,1091.0,0.0
8447,14,211,158,2017,4310.0,0.0
8448,14,66,158,2017,1470.0,0.0
8449,14,83,158,2017,38176.0,0.0
8450,14,46,158,2017,1559.0,0.0
8451,14,242,158,2017,3374.0,0.0
8452,14,141,158,2017,1792.0,0.0
8453,14,136,158,2017,26130.0,0.0
8454,14,220,158,2017,5673.0,0.0
8455,14,176,158,2017,1307453.0,0.0
8456,14,34,158,2017,8535.0,3735.0
8457,14,37,158,2017,1466.0,0.0
8458,14,133,158,2017,13143.0,0.0
8459,14,155,158,2017,2176.0,0.0
8460,14,156,158,2017,701078.0,0.0
8461,14,215,158,2017,25634.0,0.0
8462,14,247,158,2017,13554.0,0.0
8463,14,21,158,2017,32643.0,0.0
8464,14,199,158,2017,173406.0,0.0
8465,14,240,158,2017,12216.0,0.0
8466,14,195,158,2017,9227.0,0.0
8467,14,75,158,2017,581636.0,32225.0
8468,14,137,158,2017,3428.0,0.0
8469,14,7,159,2017,171356.0,0.0
8470,14,15,159,2017,1313.0,26061.0
8471,14,18,159,2017,0.0,586308.0
8472,14,23,159,2017,0.0,3559.0
8473,14,32,159,2017,0.0,56782.0
8474,14,39,159,2017,38732.0,129239.0
8475,14,41,159,2017,46785.0,36876.0
8476,14,42,159,2017,8240.0,0.0
8477,14,43,159,2017,938200.0,22102511.0
8478,14,61,159,2017,28976.0,5024701.0
8479,14,64,159,2017,0.0,40016.0
8480,14,65,159,2017,4293.0,0.0
8481,14,71,159,2017,6815.0,471216.0
8482,14,74,159,2017,1285.0,574688.0
8483,14,77,159,2017,8322.0,477800.0
8484,14,81,159,2017,38918.0,1269330.0
8485,14,90,159,2017,0.0,59622.0
8486,14,97,159,2017,1114382.0,419698.0
8487,14,102,159,2017,0.0,291985.0
8488,14,103,159,2017,394226.0,2038507.0
8489,14,104,159,2017,26958.0,353879.0
8490,14,106,159,2017,0.0,40490.0
8491,14,111,159,2017,20868.0,7007675.0
8492,14,114,159,2017,14235.0,424013.0
8493,14,121,159,2017,9176.0,12199847.0
8494,14,122,159,2017,5621.0,0.0
8495,14,130,159,2017,8639.0,9570.0
8496,14,138,159,2017,0.0,6078.0
8497,14,153,159,2017,60044.0,1022420.0
8498,14,162,159,2017,0.0,4393605.0
8499,14,163,159,2017,714.0,8145.0
8500,14,166,159,2017,1052268.0,1077491.0
8501,14,173,159,2017,867.0,0.0
8502,14,174,159,2017,66022.0,1003.0
8503,14,177,159,2017,4231.0,112819.0
8504,14,179,159,2017,210845.0,698330.0
8505,14,188,159,2017,89614.0,0.0
8506,14,192,159,2017,59705.0,21115.0
8507,14,206,159,2017,0.0,2326.0
8508,14,207,159,2017,0.0,67820.0
8509,14,208,159,2017,8135.0,63993.0
8510,14,216,159,2017,301831.0,847609.0
8511,14,224,159,2017,941.0,54540.0
8512,14,231,159,2017,1526626.0,3283347.0
8513,14,246,159,2017,6508.0,2983072.0
8514,14,249,159,2017,35755.0,2064008.0
8515,14,59,159,2017,0.0,177824.0
8516,14,168,159,2017,0.0,254879.0
8517,14,110,159,2017,32113.0,9478022.0
8518,14,128,159,2017,105702.0,2476.0
8519,14,183,159,2017,162143.0,0.0
8520,14,228,159,2017,0.0,2095.0
8521,14,185,159,2017,1893.0,925.0
8522,14,239,159,2017,1122759.0,2557574.0
8523,14,82,159,2017,0.0,4246.0
8524,14,132,159,2017,8781.0,0.0
8525,14,135,159,2017,13058.0,0.0
8526,14,151,159,2017,0.0,4225.0
8527,14,223,159,2017,450.0,16305.0
8528,14,176,159,2017,6855.0,0.0
8529,14,34,159,2017,1595.0,0.0
8530,14,156,159,2017,5863.0,0.0
8531,14,195,159,2017,1198.0,0.0
8532,14,75,159,2017,782086.0,4000.0
8533,14,7,166,2017,12556.0,160377.0
8534,14,15,166,2017,7940.0,75288.0
8535,14,18,166,2017,1301.0,1068.0
8536,14,24,166,2017,25049.0,0.0
8537,14,39,166,2017,4245.0,349423.0
8538,14,41,166,2017,10433.0,102167.0
8539,14,42,166,2017,5917.0,0.0
8540,14,43,166,2017,57110.0,55802742.0
8541,14,58,166,2017,84464.0,0.0
8542,14,61,166,2017,32054.0,111816.0
8543,14,64,166,2017,0.0,4916.0
8544,14,71,166,2017,1523.0,17228.0
8545,14,74,166,2017,1472.0,1252.0
8546,14,77,166,2017,16292.0,37929.0
8547,14,81,166,2017,56982.0,1195126.0
8548,14,97,166,2017,5789.0,1597711.0
8549,14,102,166,2017,519.0,4112.0
8550,14,103,166,2017,2279.0,4329513.0
8551,14,104,166,2017,0.0,1003226.0
8552,14,106,166,2017,19169.0,23585.0
8553,14,111,166,2017,5586.0,621681.0
8554,14,114,166,2017,0.0,29313.0
8555,14,118,166,2017,0.0,47934.0
8556,14,121,166,2017,1915.0,497501.0
8557,14,122,166,2017,181877.0,0.0
8558,14,130,166,2017,0.0,3098.0
8559,14,138,166,2017,0.0,2005.0
8560,14,153,166,2017,15464.0,277456.0
8561,14,162,166,2017,15775.0,25531.0
8562,14,163,166,2017,6744.0,0.0
8563,14,166,166,2017,404502.0,407679.0
8564,14,174,166,2017,3215.0,14003.0
8565,14,177,166,2017,7388.0,28233.0
8566,14,179,166,2017,3956.0,0.0
8567,14,192,166,2017,69264.0,138084.0
8568,14,206,166,2017,18108.0,14649.0
8569,14,208,166,2017,2681.0,3638.0
8570,14,216,166,2017,0.0,219970.0
8571,14,224,166,2017,0.0,1312.0
8572,14,231,166,2017,77047.0,3237546.0
8573,14,246,166,2017,0.0,60207.0
8574,14,249,166,2017,0.0,91612.0
8575,14,250,166,2017,4217.0,0.0
8576,14,124,166,2017,93030.0,0.0
8577,14,168,166,2017,0.0,19298.0
8578,14,110,166,2017,9387.0,98670.0
8579,14,128,166,2017,0.0,168171.0
8580,14,183,166,2017,178604.0,0.0
8581,14,185,166,2017,12768.0,0.0
8582,14,186,166,2017,0.0,1317.0
8583,14,239,166,2017,0.0,114196.0
8584,14,22,166,2017,0.0,47704.0
8585,14,159,166,2017,0.0,47772.0
8586,14,72,166,2017,1264.0,0.0
8587,14,143,166,2017,0.0,141867.0
8588,14,68,166,2017,12227.0,977.0
8589,14,108,166,2017,2269.0,0.0
8590,14,116,166,2017,0.0,117074.0
8591,14,164,166,2017,0.0,7905.0
8592,14,227,166,2017,0.0,13610.0
8593,14,83,166,2017,4209.0,3557.0
8594,14,109,166,2017,2817.0,0.0
8595,14,176,166,2017,8626.0,0.0
8596,14,195,166,2017,877.0,0.0
8597,14,75,166,2017,148071.0,0.0
8598,14,7,167,2017,2353802.0,795874.0
8599,14,8,167,2017,6373.0,24631.0
8600,14,15,167,2017,12456.0,2647729.0
8601,14,18,167,2017,1271818.0,5735989.0
8602,14,23,167,2017,8312.0,489045.0
8603,14,24,167,2017,264546.0,7907.0
8604,14,32,167,2017,165127.0,3736970.0
8605,14,39,167,2017,542564.0,3299634.0
8606,14,41,167,2017,105092.0,4325526.0
8607,14,42,167,2017,298217.0,15674.0
8608,14,43,167,2017,1530456.0,230091507.0
8609,14,49,167,2017,45305.0,0.0
8610,14,52,167,2017,1557.0,597355.0
8611,14,58,167,2017,0.0,106980.0
8612,14,61,167,2017,2955176.0,39692062.0
8613,14,64,167,2017,5949.0,3248923.0
8614,14,65,167,2017,92371.0,0.0
8615,14,67,167,2017,7866.0,0.0
8616,14,71,167,2017,155871.0,25353132.0
8617,14,74,167,2017,12802.0,1165759.0
8618,14,77,167,2017,193518.0,10610426.0
8619,14,81,167,2017,1695001.0,11484683.0
8620,14,90,167,2017,223337.0,4430722.0
8621,14,96,167,2017,24698.0,0.0
8622,14,97,167,2017,762078.0,388388.0
8623,14,102,167,2017,69658.0,320714.0
8624,14,103,167,2017,1145619.0,7403931.0
8625,14,104,167,2017,204764.0,11641312.0
8626,14,106,167,2017,75145.0,266699.0
8627,14,111,167,2017,1290842.0,47023280.0
8628,14,113,167,2017,1423.0,0.0
8629,14,114,167,2017,799175.0,11129069.0
8630,14,118,167,2017,0.0,6250.0
8631,14,121,167,2017,1184764.0,9554367.0
8632,14,122,167,2017,96164.0,0.0
8633,14,130,167,2017,7132.0,4413.0
8634,14,138,167,2017,448282.0,620542.0
8635,14,153,167,2017,424661.0,16718557.0
8636,14,162,167,2017,297598.0,3985703.0
8637,14,163,167,2017,11695.0,71239.0
8638,14,166,167,2017,20727486.0,7313711.0
8639,14,169,167,2017,25464.0,0.0
8640,14,173,167,2017,80767.0,6248.0
8641,14,174,167,2017,2041950.0,1001078.0
8642,14,177,167,2017,9501.0,4074791.0
8643,14,179,167,2017,8964.0,13830040.0
8644,14,188,167,2017,433638.0,63714.0
8645,14,192,167,2017,2143014.0,2480659.0
8646,14,197,167,2017,3599.0,0.0
8647,14,205,167,2017,0.0,14959.0
8648,14,206,167,2017,0.0,24324.0
8649,14,207,167,2017,0.0,962736.0
8650,14,208,167,2017,297810.0,1912419.0
8651,14,216,167,2017,4321527.0,14422504.0
8652,14,224,167,2017,95834.0,34603848.0
8653,14,231,167,2017,2637557.0,46262903.0
8654,14,246,167,2017,772098.0,855160.0
8655,14,249,167,2017,115602.0,3822720.0
8656,14,250,167,2017,20346.0,0.0
8657,14,59,167,2017,15130.0,2098114.0
8658,14,124,167,2017,9577.0,59648.0
8659,14,131,167,2017,0.0,209400.0
8660,14,168,167,2017,19681.0,106066.0
8661,14,25,167,2017,20656.0,0.0
8662,14,107,167,2017,209943.0,3641760.0
8663,14,110,167,2017,165664.0,134923420.0
8664,14,115,167,2017,33716.0,0.0
8665,14,128,167,2017,34549.0,514063.0
8666,14,183,167,2017,725014.0,0.0
8667,14,212,167,2017,0.0,14040.0
8668,14,228,167,2017,0.0,127324.0
8669,14,185,167,2017,0.0,29297.0
8670,14,186,167,2017,22252.0,14361.0
8671,14,31,167,2017,21823.0,0.0
8672,14,145,167,2017,10443.0,0.0
8673,14,226,167,2017,33223.0,0.0
8674,14,44,167,2017,14485.0,0.0
8675,14,140,167,2017,4815.0,0.0
8676,14,134,167,2017,0.0,2005195.0
8677,14,85,167,2017,7514.0,0.0
8678,14,239,167,2017,169690.0,39628097.0
8679,14,22,167,2017,34040.0,0.0
8680,14,142,167,2017,27358.0,3489.0
8681,14,72,167,2017,1061.0,78567.0
8682,14,123,167,2017,19259.0,0.0
8683,14,143,167,2017,28984.0,0.0
8684,14,191,167,2017,90047.0,0.0
8685,14,26,167,2017,6492.0,5875.0
8686,14,28,167,2017,176.0,0.0
8687,14,68,167,2017,67749.0,3292754.0
8688,14,82,167,2017,6578.0,11827.0
8689,14,100,167,2017,3872.0,36149.0
8690,14,116,167,2017,2410.0,56381.0
8691,14,117,167,2017,0.0,420.0
8692,14,132,167,2017,192978.0,57922.0
8693,14,147,167,2017,3805.0,0.0
8694,14,151,167,2017,975.0,0.0
8695,14,164,167,2017,6155.0,2504.0
8696,14,167,167,2017,7799.0,82979.0
8697,14,201,167,2017,1130.0,102379.0
8698,14,223,167,2017,755.0,29620.0
8699,14,227,167,2017,8448.0,0.0
8700,14,4,167,2017,0.0,11097.0
8701,14,248,167,2017,0.0,9301.0
8702,14,9,167,2017,0.0,2686.0
8703,14,66,167,2017,1250.0,0.0
8704,14,83,167,2017,71282.0,0.0
8705,14,242,167,2017,23073.0,0.0
8706,14,141,167,2017,2533.0,0.0
8707,14,136,167,2017,82424.0,0.0
8708,14,220,167,2017,24023.0,906.0
8709,14,176,167,2017,4024730.0,0.0
8710,14,34,167,2017,4639.0,0.0
8711,14,133,167,2017,26628.0,0.0
8712,14,155,167,2017,4019.0,0.0
8713,14,156,167,2017,864977.0,0.0
8714,14,196,167,2017,0.0,1128.0
8715,14,247,167,2017,2921.0,613.0
8716,14,35,167,2017,0.0,1625.0
8717,14,40,167,2017,16694.0,0.0
8718,14,165,167,2017,4163.0,0.0
8719,14,21,167,2017,4351.0,0.0
8720,14,62,167,2017,12755.0,0.0
8721,14,158,167,2017,132845.0,0.0
8722,14,240,167,2017,520277.0,0.0
8723,14,182,167,2017,815429.0,0.0
8724,14,195,167,2017,366524.0,0.0
8725,14,75,167,2017,1142979.0,84122.0
8726,14,48,167,2017,10755.0,0.0
8727,14,119,167,2017,126483.0,0.0
8728,14,79,167,2017,70048.0,0.0
8729,14,137,167,2017,2670.0,0.0
8730,14,95,167,2017,15330.0,0.0
8731,14,221,167,2017,2095.0,0.0
8732,14,56,167,2017,174922.0,0.0
8733,14,7,168,2017,1786395.0,6127787.0
8734,14,8,168,2017,5276.0,86959.0
8735,14,15,168,2017,1628.0,7321658.0
8736,14,18,168,2017,5252877.0,1640716.0
8737,14,23,168,2017,55601.0,65250.0
8738,14,24,168,2017,61934.0,0.0
8739,14,32,168,2017,113908.0,4261169.0
8740,14,39,168,2017,504131.0,544201.0
8741,14,41,168,2017,93315.0,197596.0
8742,14,42,168,2017,49074.0,2094.0
8743,14,43,168,2017,853745.0,429507366.0
8744,14,49,168,2017,14693.0,22622.0
8745,14,55,168,2017,18717.0,0.0
8746,14,58,168,2017,0.0,26198.0
8747,14,61,168,2017,1358110.0,23494357.0
8748,14,64,168,2017,7987.0,1841387.0
8749,14,67,168,2017,755.0,0.0
8750,14,71,168,2017,115062.0,36854497.0
8751,14,74,168,2017,101435.0,636111.0
8752,14,77,168,2017,232332.0,5816643.0
8753,14,81,168,2017,756675.0,10634268.0
8754,14,90,168,2017,10755.0,58784.0
8755,14,93,168,2017,6595.0,7320.0
8756,14,96,168,2017,1065.0,0.0
8757,14,97,168,2017,1334100.0,696044.0
8758,14,99,168,2017,0.0,3576.0
8759,14,102,168,2017,15487.0,970220.0
8760,14,103,168,2017,839876.0,7150923.0
8761,14,104,168,2017,322402.0,9630794.0
8762,14,106,168,2017,28938.0,35198.0
8763,14,111,168,2017,87270.0,93962124.0
8764,14,112,168,2017,1737.0,0.0
8765,14,113,168,2017,2938.0,4699.0
8766,14,114,168,2017,2702171.0,10668749.0
8767,14,118,168,2017,14901.0,2742.0
8768,14,121,168,2017,424431.0,3380896.0
8769,14,122,168,2017,49618.0,0.0
8770,14,130,168,2017,0.0,2191.0
8771,14,138,168,2017,46704.0,627113.0
8772,14,153,168,2017,310902.0,33723629.0
8773,14,160,168,2017,1642.0,0.0
8774,14,162,168,2017,152671.0,2028456.0
8775,14,163,168,2017,58632.0,76194.0
8776,14,166,168,2017,19455815.0,1807272.0
8777,14,169,168,2017,859779.0,0.0
8778,14,173,168,2017,57668.0,49723.0
8779,14,174,168,2017,244776.0,299907.0
8780,14,177,168,2017,78790.0,532271.0
8781,14,179,168,2017,15051.0,3410036.0
8782,14,188,168,2017,185125.0,16663.0
8783,14,190,168,2017,18938.0,0.0
8784,14,192,168,2017,812842.0,509577.0
8785,14,205,168,2017,10317.0,0.0
8786,14,206,168,2017,0.0,4618.0
8787,14,207,168,2017,6677.0,20988.0
8788,14,208,168,2017,34163.0,708984.0
8789,14,216,168,2017,444002.0,17450486.0
8790,14,224,168,2017,45662.0,7193151.0
8791,14,230,168,2017,0.0,13813.0
8792,14,231,168,2017,4664222.0,12190500.0
8793,14,246,168,2017,182894.0,867840.0
8794,14,249,168,2017,235253.0,1059238.0
8795,14,250,168,2017,209973.0,0.0
8796,14,59,168,2017,208153.0,3112028.0
8797,14,124,168,2017,9313.0,8286.0
8798,14,131,168,2017,0.0,34553.0
8799,14,168,168,2017,42000.0,34034.0
8800,14,107,168,2017,56934.0,85848.0
8801,14,110,168,2017,27155.0,37187.0
8802,14,115,168,2017,80173.0,0.0
8803,14,128,168,2017,1519.0,3423756.0
8804,14,183,168,2017,23694.0,1085.0
8805,14,212,168,2017,0.0,2104.0
8806,14,73,168,2017,2019.0,16877.0
8807,14,185,168,2017,10635.0,251066.0
8808,14,186,168,2017,80469.0,10171.0
8809,14,31,168,2017,144822.0,0.0
8810,14,145,168,2017,10591.0,0.0
8811,14,226,168,2017,148332.0,3914.0
8812,14,44,168,2017,266197.0,0.0
8813,14,140,168,2017,0.0,4841.0
8814,14,134,168,2017,30382.0,363808.0
8815,14,239,168,2017,46261.0,12193591.0
8816,14,22,168,2017,0.0,539767.0
8817,14,159,168,2017,8246.0,0.0
8818,14,142,168,2017,12913.0,0.0
8819,14,72,168,2017,0.0,71459.0
8820,14,123,168,2017,36489.0,9737.0
8821,14,143,168,2017,0.0,3538.0
8822,14,191,168,2017,74839.0,0.0
8823,14,30,168,2017,648.0,0.0
8824,14,80,168,2017,23861.0,0.0
8825,14,26,168,2017,1925.0,17258.0
8826,14,68,168,2017,47018.0,149896.0
8827,14,82,168,2017,16450.0,10348.0
8828,14,100,168,2017,0.0,71616.0
8829,14,108,168,2017,8818.0,0.0
8830,14,116,168,2017,10811.0,23546.0
8831,14,117,168,2017,16120.0,0.0
8832,14,132,168,2017,57525.0,958.0
8833,14,147,168,2017,7969.0,0.0
8834,14,151,168,2017,3848.0,1390.0
8835,14,152,168,2017,3699.0,0.0
8836,14,164,168,2017,0.0,22130.0
8837,14,167,168,2017,35362.0,0.0
8838,14,201,168,2017,2990.0,24093.0
8839,14,223,168,2017,0.0,53129.0
8840,14,211,168,2017,1464.0,18373.0
8841,14,248,168,2017,49079.0,7411.0
8842,14,9,168,2017,28653.0,0.0
8843,14,83,168,2017,59267.0,162.0
8844,14,242,168,2017,33690.0,0.0
8845,14,141,168,2017,46530.0,0.0
8846,14,148,168,2017,57478.0,0.0
8847,14,220,168,2017,119396.0,0.0
8848,14,176,168,2017,2461467.0,0.0
8849,14,125,168,2017,8481.0,0.0
8850,14,133,168,2017,3479.0,0.0
8851,14,155,168,2017,2557.0,0.0
8852,14,156,168,2017,254493.0,0.0
8853,14,157,168,2017,3425.0,0.0
8854,14,196,168,2017,5442.0,0.0
8855,14,215,168,2017,6616.0,0.0
8856,14,247,168,2017,1398114.0,0.0
8857,14,40,168,2017,3991.0,0.0
8858,14,165,168,2017,7888.0,0.0
8859,14,21,168,2017,33845.0,0.0
8860,14,62,168,2017,75874.0,0.0
8861,14,158,168,2017,3740.0,0.0
8862,14,240,168,2017,54728.0,0.0
8863,14,182,168,2017,2002.0,0.0
8864,14,195,168,2017,175950.0,3401.0
8865,14,75,168,2017,781290.0,0.0
8866,14,48,168,2017,21635.0,0.0
8867,14,119,168,2017,3091.0,0.0
8868,14,137,168,2017,12707.0,0.0
8869,14,221,168,2017,10841.0,0.0
8870,14,56,168,2017,22549.0,0.0
8871,14,7,169,2017,709585.0,36159655.0
8872,14,8,169,2017,45720.0,38051.0
8873,14,15,169,2017,460679.0,4643229.0
8874,14,18,169,2017,166707.0,5597850.0
8875,14,23,169,2017,7620.0,765925.0
8876,14,24,169,2017,33225.0,3895.0
8877,14,32,169,2017,79978.0,605222.0
8878,14,39,169,2017,706821.0,1170547.0
8879,14,41,169,2017,426397.0,2116936.0
8880,14,42,169,2017,60644.0,69979.0
8881,14,43,169,2017,5860173.0,354459031.0
8882,14,49,169,2017,21579.0,111768.0
8883,14,52,169,2017,7810.0,0.0
8884,14,61,169,2017,2086742.0,28331577.0
8885,14,64,169,2017,570987.0,2578333.0
8886,14,65,169,2017,5426.0,0.0
8887,14,67,169,2017,12164.0,1078.0
8888,14,71,169,2017,233206.0,5559295.0
8889,14,74,169,2017,9763.0,601770.0
8890,14,77,169,2017,572222.0,21461492.0
8891,14,81,169,2017,3003766.0,31784148.0
8892,14,90,169,2017,14967.0,69711.0
8893,14,93,169,2017,940.0,0.0
8894,14,97,169,2017,534555.0,2683708.0
8895,14,99,169,2017,535.0,0.0
8896,14,102,169,2017,2070.0,607466.0
8897,14,103,169,2017,2688878.0,13686787.0
8898,14,104,169,2017,808895.0,9266493.0
8899,14,106,169,2017,76356.0,774728.0
8900,14,111,169,2017,107367.0,18175154.0
8901,14,113,169,2017,12947.0,1922.0
8902,14,114,169,2017,1987754.0,7054451.0
8903,14,118,169,2017,15445.0,8860.0
8904,14,121,169,2017,2463353.0,15412761.0
8905,14,122,169,2017,380219.0,91791.0
8906,14,130,169,2017,0.0,1759.0
8907,14,138,169,2017,37210.0,743151.0
8908,14,153,169,2017,1042909.0,5920702.0
8909,14,162,169,2017,604284.0,7588578.0
8910,14,163,169,2017,51540.0,147887.0
8911,14,166,169,2017,25584042.0,5626698.0
8912,14,169,169,2017,4902.0,17308.0
8913,14,173,169,2017,17950.0,173976.0
8914,14,174,169,2017,611858.0,3516187.0
8915,14,177,169,2017,18290.0,3081395.0
8916,14,179,169,2017,40378.0,1730562.0
8917,14,180,169,2017,1725.0,0.0
8918,14,188,169,2017,466062.0,294656.0
8919,14,192,169,2017,2120352.0,3686673.0
8920,14,205,169,2017,0.0,24648.0
8921,14,206,169,2017,3013.0,2990711.0
8922,14,207,169,2017,38552.0,2163672.0
8923,14,208,169,2017,20100.0,2296080.0
8924,14,216,169,2017,1075830.0,31554064.0
8925,14,222,169,2017,15206.0,0.0
8926,14,224,169,2017,196082.0,5581237.0
8927,14,230,169,2017,3484.0,0.0
8928,14,231,169,2017,5215879.0,58200611.0
8929,14,246,169,2017,519896.0,848843.0
8930,14,249,169,2017,768211.0,10547098.0
8931,14,250,169,2017,69993.0,0.0
8932,14,59,169,2017,23833.0,3329488.0
8933,14,124,169,2017,2249.0,41780.0
8934,14,131,169,2017,1358.0,257170.0
8935,14,168,169,2017,37294.0,0.0
8936,14,2,169,2017,2701.0,0.0
8937,14,107,169,2017,0.0,125227.0
8938,14,110,169,2017,115640.0,13050094.0
8939,14,115,169,2017,21995.0,0.0
8940,14,128,169,2017,68654.0,2211675.0
8941,14,183,169,2017,139079.0,11407.0
8942,14,228,169,2017,9166.0,19003.0
8943,14,73,169,2017,591.0,0.0
8944,14,185,169,2017,0.0,108353.0
8945,14,186,169,2017,342271.0,783518.0
8946,14,31,169,2017,757.0,0.0
8947,14,145,169,2017,18310.0,0.0
8948,14,226,169,2017,12333.0,0.0
8949,14,44,169,2017,31739.0,0.0
8950,14,140,169,2017,1077.0,9444.0
8951,14,134,169,2017,17452.0,39528.0
8952,14,239,169,2017,671541.0,7904139.0
8953,14,22,169,2017,70197.0,5872.0
8954,14,142,169,2017,5899.0,49488.0
8955,14,181,169,2017,0.0,17426.0
8956,14,123,169,2017,22366.0,0.0
8957,14,143,169,2017,908.0,0.0
8958,14,191,169,2017,27948.0,0.0
8959,14,30,169,2017,1176.0,0.0
8960,14,26,169,2017,0.0,7186.0
8961,14,28,169,2017,2025.0,202031.0
8962,14,68,169,2017,146736.0,251640.0
8963,14,82,169,2017,3894.0,4043.0
8964,14,100,169,2017,1587.0,65945.0
8965,14,116,169,2017,449200.0,8249.0
8966,14,132,169,2017,0.0,662053.0
8967,14,135,169,2017,815.0,0.0
8968,14,147,169,2017,12778.0,0.0
8969,14,151,169,2017,11151.0,5181.0
8970,14,167,169,2017,332497.0,57470.0
8971,14,201,169,2017,761.0,2545071.0
8972,14,209,169,2017,0.0,14427.0
8973,14,223,169,2017,820.0,559758.0
8974,14,211,169,2017,86751.0,0.0
8975,14,227,169,2017,1506.0,2008.0
8976,14,9,169,2017,2608.0,0.0
8977,14,66,169,2017,2279.0,0.0
8978,14,83,169,2017,62418.0,0.0
8979,14,46,169,2017,1050.0,0.0
8980,14,139,169,2017,9445.0,0.0
8981,14,242,169,2017,27020.0,0.0
8982,14,141,169,2017,14691.0,0.0
8983,14,148,169,2017,4600.0,0.0
8984,14,109,169,2017,8397.0,0.0
8985,14,136,169,2017,6462.0,0.0
8986,14,220,169,2017,11361.0,0.0
8987,14,176,169,2017,1813483.0,0.0
8988,14,34,169,2017,13278.0,2371.0
8989,14,133,169,2017,14107.0,3634.0
8990,14,156,169,2017,212052.0,0.0
8991,14,196,169,2017,0.0,107970.0
8992,14,215,169,2017,497077.0,1911.0
8993,14,247,169,2017,2590.0,0.0
8994,14,40,169,2017,6552.0,0.0
8995,14,165,169,2017,22273.0,0.0
8996,14,21,169,2017,15652.0,0.0
8997,14,69,169,2017,165086.0,0.0
8998,14,158,169,2017,13124.0,0.0
8999,14,240,169,2017,51839.0,0.0
9000,14,182,169,2017,39686.0,0.0
9001,14,195,169,2017,113474.0,17948.0
9002,14,75,169,2017,424137.0,5184.0
9003,14,48,169,2017,8542.0,0.0
9004,14,119,169,2017,2651.0,0.0
9005,14,137,169,2017,14802.0,0.0
9006,14,221,169,2017,1047.0,0.0
9007,14,225,169,2017,0.0,70523.0
9008,14,56,169,2017,12469.0,0.0
9009,14,1,170,2017,10122.0,0.0
9010,14,7,170,2017,81958980.0,9731378.0
9011,14,8,170,2017,0.0,4537.0
9012,14,15,170,2017,555366.0,3159586.0
9013,14,18,170,2017,8806662.0,6000233.0
9014,14,23,170,2017,88691.0,47210.0
9015,14,24,170,2017,10318.0,116670.0
9016,14,32,170,2017,92796.0,1811703.0
9017,14,33,170,2017,5289.0,0.0
9018,14,39,170,2017,142323274.0,13793656.0
9019,14,41,170,2017,942696254.0,73786072.0
9020,14,42,170,2017,72437.0,2809.0
9021,14,43,170,2017,6567040145.0,194683148.0
9022,14,49,170,2017,7485.0,1122557.0
9023,14,52,170,2017,8497.0,3484.0
9024,14,58,170,2017,4248.0,3094.0
9025,14,61,170,2017,87287002.0,153849837.0
9026,14,64,170,2017,766594.0,3434063.0
9027,14,65,170,2017,37051.0,1552.0
9028,14,67,170,2017,0.0,1256.0
9029,14,71,170,2017,567868.0,2224349.0
9030,14,74,170,2017,33514.0,53762.0
9031,14,77,170,2017,11132459.0,10595496.0
9032,14,81,170,2017,2181976318.0,65379612.0
9033,14,90,170,2017,43318.0,906768.0
9034,14,93,170,2017,0.0,16218.0
9035,14,96,170,2017,2583.0,0.0
9036,14,97,170,2017,7008930051.0,80924522.0
9037,14,99,170,2017,2022.0,0.0
9038,14,102,170,2017,12004.0,2099.0
9039,14,103,170,2017,62802282.0,42554662.0
9040,14,104,170,2017,713461262.0,284952728.0
9041,14,106,170,2017,245369.0,416246.0
9042,14,111,170,2017,6805063.0,46718521.0
9043,14,113,170,2017,0.0,27003.0
9044,14,114,170,2017,108533593.0,1742739598.0
9045,14,118,170,2017,0.0,10418.0
9046,14,121,170,2017,197504800.0,11453723.0
9047,14,122,170,2017,76308.0,0.0
9048,14,130,170,2017,0.0,184414.0
9049,14,138,170,2017,328900.0,3862072.0
9050,14,153,170,2017,6084814.0,27565340.0
9051,14,162,170,2017,664069.0,779405.0
9052,14,163,170,2017,111645.0,38519.0
9053,14,166,170,2017,100397653.0,454925525.0
9054,14,169,170,2017,14995.0,0.0
9055,14,173,170,2017,48296.0,90481.0
9056,14,174,170,2017,152372.0,84089596.0
9057,14,177,170,2017,1323520.0,516257.0
9058,14,179,170,2017,3392.0,49262.0
9059,14,188,170,2017,316382.0,0.0
9060,14,192,170,2017,725464027.0,45461049.0
9061,14,197,170,2017,0.0,8990.0
9062,14,206,170,2017,1220.0,11299.0
9063,14,207,170,2017,133147.0,27677.0
9064,14,208,170,2017,91119.0,257641.0
9065,14,216,170,2017,801860782.0,430308478.0
9066,14,224,170,2017,1103850816.0,11651499.0
9067,14,230,170,2017,0.0,48299.0
9068,14,231,170,2017,366551064.0,325719747.0
9069,14,236,170,2017,0.0,1763.0
9070,14,246,170,2017,24013538.0,7645275.0
9071,14,249,170,2017,12323689.0,1275195.0
9072,14,250,170,2017,2111257.0,0.0
9073,14,29,170,2017,0.0,6531.0
9074,14,59,170,2017,623740.0,344205.0
9075,14,124,170,2017,20253.0,356452.0
9076,14,131,170,2017,5445.0,3229.0
9077,14,168,170,2017,12858.0,30651.0
9078,14,2,170,2017,0.0,7480.0
9079,14,107,170,2017,41744.0,1962.0
9080,14,110,170,2017,9022021.0,34407640.0
9081,14,115,170,2017,7100.0,0.0
9082,14,128,170,2017,145491.0,1110906.0
9083,14,183,170,2017,2058025.0,1526593.0
9084,14,228,170,2017,926252.0,16328.0
9085,14,73,170,2017,0.0,13514.0
9086,14,186,170,2017,0.0,86456.0
9087,14,31,170,2017,1465.0,4781.0
9088,14,145,170,2017,1400.0,0.0
9089,14,226,170,2017,28520.0,29292.0
9090,14,44,170,2017,1452.0,0.0
9091,14,140,170,2017,554.0,0.0
9092,14,134,170,2017,1745.0,110371.0
9093,14,85,170,2017,7287.0,0.0
9094,14,239,170,2017,13113479.0,14648340.0
9095,14,22,170,2017,274205.0,8783.0
9096,14,159,170,2017,1917.0,2858.0
9097,14,142,170,2017,828.0,1364.0
9098,14,72,170,2017,10374.0,1025.0
9099,14,19,170,2017,493.0,0.0
9100,14,123,170,2017,13184.0,615760.0
9101,14,143,170,2017,0.0,44239.0
9102,14,191,170,2017,64388.0,2670.0
9103,14,30,170,2017,3836.0,0.0
9104,14,28,170,2017,0.0,3327.0
9105,14,68,170,2017,12983.0,18891.0
9106,14,82,170,2017,3190.0,0.0
9107,14,116,170,2017,3664.0,50604.0
9108,14,147,170,2017,2430.0,508687.0
9109,14,151,170,2017,170584.0,877.0
9110,14,164,170,2017,0.0,362719.0
9111,14,167,170,2017,5545.0,0.0
9112,14,201,170,2017,0.0,250739.0
9113,14,209,170,2017,0.0,5619.0
9114,14,223,170,2017,5570.0,1557.0
9115,14,211,170,2017,59544.0,2807.0
9116,14,227,170,2017,0.0,1575.0
9117,14,248,170,2017,0.0,71505.0
9118,14,83,170,2017,38515.0,208791.0
9119,14,46,170,2017,511.0,2377.0
9120,14,242,170,2017,8294.0,194087.0
9121,14,109,170,2017,4552.0,86709.0
9122,14,136,170,2017,0.0,60486.0
9123,14,220,170,2017,4118.0,1497.0
9124,14,176,170,2017,1408843.0,1839313906.0
9125,14,34,170,2017,213742.0,1955.0
9126,14,37,170,2017,0.0,87159.0
9127,14,47,170,2017,0.0,7675.0
9128,14,133,170,2017,105139.0,5990.0
9129,14,156,170,2017,1130147.0,0.0
9130,14,157,170,2017,0.0,55373.0
9131,14,196,170,2017,0.0,2402.0
9132,14,247,170,2017,6778.0,156357.0
9133,14,165,170,2017,0.0,4109.0
9134,14,21,170,2017,18706.0,0.0
9135,14,62,170,2017,1423.0,0.0
9136,14,101,170,2017,0.0,16292.0
9137,14,158,170,2017,2071.0,0.0
9138,14,240,170,2017,659702.0,0.0
9139,14,182,170,2017,9391.0,761380.0
9140,14,195,170,2017,5934.0,734515.0
9141,14,75,170,2017,1540833.0,48098234.0
9142,14,48,170,2017,72417.0,34129.0
9143,14,137,170,2017,24320.0,0.0
9144,14,95,170,2017,15897.0,0.0
9145,14,221,170,2017,15137.0,0.0
9146,14,7,171,2017,23436413.0,11436824.0
9147,14,8,171,2017,0.0,333782.0
9148,14,15,171,2017,4715.0,6229126.0
9149,14,18,171,2017,14651500.0,12849574.0
9150,14,23,171,2017,87769.0,29827.0
9151,14,24,171,2017,276003.0,17839.0
9152,14,32,171,2017,8238577.0,5009085.0
9153,14,33,171,2017,251601.0,0.0
9154,14,39,171,2017,5306243.0,7267377.0
9155,14,41,171,2017,118934.0,3621491.0
9156,14,42,171,2017,3743250.0,1689445.0
9157,14,43,171,2017,17979044.0,262414376.0
9158,14,49,171,2017,168216.0,39230.0
9159,14,52,171,2017,8461.0,0.0
9160,14,55,171,2017,40332.0,0.0
9161,14,58,171,2017,265077.0,0.0
9162,14,61,171,2017,6041331.0,33538544.0
9163,14,64,171,2017,13690.0,976344.0
9164,14,65,171,2017,1456030.0,0.0
9165,14,71,171,2017,3361540.0,35135941.0
9166,14,74,171,2017,1805.0,18364239.0
9167,14,77,171,2017,2381380.0,11864643.0
9168,14,81,171,2017,4567667.0,8520316.0
9169,14,90,171,2017,297096.0,6521525.0
9170,14,96,171,2017,91918.0,0.0
9171,14,97,171,2017,1739995.0,281375.0
9172,14,99,171,2017,11471.0,0.0
9173,14,102,171,2017,0.0,14471.0
9174,14,103,171,2017,107665395.0,33358436.0
9175,14,104,171,2017,66519660.0,30410977.0
9176,14,106,171,2017,48386.0,185992.0
9177,14,111,171,2017,23640284.0,26795778.0
9178,14,112,171,2017,256243.0,0.0
9179,14,114,171,2017,60887631.0,89500207.0
9180,14,118,171,2017,120949.0,0.0
9181,14,121,171,2017,44553620.0,222488689.0
9182,14,122,171,2017,47963210.0,0.0
9183,14,130,171,2017,21992.0,10870.0
9184,14,138,171,2017,695598.0,3281.0
9185,14,153,171,2017,82337263.0,70663359.0
9186,14,162,171,2017,2314823.0,9415714.0
9187,14,163,171,2017,747.0,984374.0
9188,14,166,171,2017,98718318.0,61116744.0
9189,14,169,171,2017,7893.0,0.0
9190,14,173,171,2017,6830306.0,21674.0
9191,14,174,171,2017,2134750.0,3344.0
9192,14,177,171,2017,51710.0,923239.0
9193,14,179,171,2017,2125.0,1797697.0
9194,14,180,171,2017,1122084.0,0.0
9195,14,188,171,2017,3211963.0,313173.0
9196,14,190,171,2017,28796.0,0.0
9197,14,192,171,2017,7958878.0,81267027.0
9198,14,197,171,2017,631040.0,0.0
9199,14,205,171,2017,1235518.0,0.0
9200,14,206,171,2017,21398.0,257235.0
9201,14,207,171,2017,769197.0,83799.0
9202,14,208,171,2017,387669.0,64727010.0
9203,14,216,171,2017,96957557.0,31933970.0
9204,14,222,171,2017,4455113.0,0.0
9205,14,224,171,2017,5774087.0,19700512.0
9206,14,230,171,2017,301504.0,0.0
9207,14,231,171,2017,309561304.0,21842805.0
9208,14,246,171,2017,1988732.0,68921112.0
9209,14,249,171,2017,100669997.0,242009142.0
9210,14,250,171,2017,2300.0,0.0
9211,14,59,171,2017,14757.0,1007370.0
9212,14,124,171,2017,27116.0,140733.0
9213,14,127,171,2017,477739.0,0.0
9214,14,131,171,2017,0.0,2447302.0
9215,14,168,171,2017,54375965.0,1262303.0
9216,14,107,171,2017,26831.0,0.0
9217,14,110,171,2017,1933260.0,16847.0
9218,14,115,171,2017,11340.0,351356.0
9219,14,128,171,2017,519713.0,117281.0
9220,14,183,171,2017,521737.0,0.0
9221,14,203,171,2017,191444.0,0.0
9222,14,228,171,2017,32567.0,468180.0
9223,14,13,171,2017,453866.0,0.0
9224,14,73,171,2017,2206.0,0.0
9225,14,185,171,2017,0.0,206556.0
9226,14,186,171,2017,43539.0,1782274.0
9227,14,31,171,2017,2049.0,0.0
9228,14,91,171,2017,142669.0,0.0
9229,14,145,171,2017,98011.0,0.0
9230,14,226,171,2017,100450.0,0.0
9231,14,44,171,2017,27236.0,0.0
9232,14,134,171,2017,663637.0,0.0
9233,14,85,171,2017,38358.0,0.0
9234,14,239,171,2017,168620922.0,43744155.0
9235,14,22,171,2017,42123879.0,0.0
9236,14,159,171,2017,642415.0,0.0
9237,14,142,171,2017,0.0,344117.0
9238,14,237,171,2017,0.0,95011.0
9239,14,234,171,2017,642378.0,0.0
9240,14,123,171,2017,31387.0,0.0
9241,14,143,171,2017,258923.0,0.0
9242,14,191,171,2017,210647.0,0.0
9243,14,120,171,2017,4073.0,0.0
9244,14,10,171,2017,29515.0,105373.0
9245,14,26,171,2017,7898.0,0.0
9246,14,68,171,2017,6654602.0,0.0
9247,14,108,171,2017,278737.0,0.0
9248,14,116,171,2017,289690.0,0.0
9249,14,132,171,2017,0.0,3136.0
9250,14,147,171,2017,1199582.0,0.0
9251,14,151,171,2017,2044358.0,0.0
9252,14,164,171,2017,4902.0,0.0
9253,14,167,171,2017,132254.0,24948.0
9254,14,201,171,2017,132837.0,0.0
9255,14,223,171,2017,7329.0,0.0
9256,14,211,171,2017,94476.0,0.0
9257,14,227,171,2017,368566.0,0.0
9258,14,4,171,2017,0.0,247448.0
9259,14,248,171,2017,11679.0,0.0
9260,14,17,171,2017,8651.0,0.0
9261,14,83,171,2017,307128.0,0.0
9262,14,46,171,2017,42706.0,0.0
9263,14,139,171,2017,0.0,4173.0
9264,14,242,171,2017,124032.0,82732.0
9265,14,141,171,2017,59978.0,0.0
9266,14,148,171,2017,72110.0,0.0
9267,14,220,171,2017,213309.0,0.0
9268,14,176,171,2017,8138011.0,100418.0
9269,14,34,171,2017,61610.0,0.0
9270,14,126,171,2017,57560.0,0.0
9271,14,155,171,2017,0.0,104688.0
9272,14,156,171,2017,426716.0,50404.0
9273,14,247,171,2017,50332.0,0.0
9274,14,165,171,2017,124136.0,0.0
9275,14,21,171,2017,113860.0,0.0
9276,14,62,171,2017,2731.0,0.0
9277,14,158,171,2017,366156.0,0.0
9278,14,240,171,2017,18303.0,4617.0
9279,14,195,171,2017,358779.0,6569.0
9280,14,75,171,2017,1306386.0,393988.0
9281,14,119,171,2017,69192.0,0.0
9282,14,79,171,2017,1688.0,0.0
9283,14,146,171,2017,3708.0,0.0
9284,14,1,173,2017,13534.0,0.0
9285,14,7,173,2017,201125.0,18148942.0
9286,14,8,173,2017,0.0,10341.0
9287,14,15,173,2017,79135.0,159329.0
9288,14,18,173,2017,1592690.0,2102098.0
9289,14,23,173,2017,1323284.0,315562.0
9290,14,24,173,2017,89358.0,0.0
9291,14,32,173,2017,14926.0,1596460.0
9292,14,39,173,2017,2107789.0,4070859.0
9293,14,41,173,2017,227238.0,1075784.0
9294,14,42,173,2017,27099.0,990254.0
9295,14,43,173,2017,1254623560.0,142066862.0
9296,14,49,173,2017,0.0,1251.0
9297,14,61,173,2017,402343.0,34803518.0
9298,14,64,173,2017,1092.0,301189.0
9299,14,67,173,2017,108051.0,0.0
9300,14,71,173,2017,60336.0,3199260.0
9301,14,74,173,2017,8390.0,1823564.0
9302,14,77,173,2017,135620.0,4737107.0
9303,14,81,173,2017,794186.0,5560618.0
9304,14,90,173,2017,1499.0,193228.0
9305,14,93,173,2017,140744.0,0.0
9306,14,97,173,2017,13940851.0,2182795.0
9307,14,99,173,2017,2976.0,0.0
9308,14,102,173,2017,0.0,3162.0
9309,14,103,173,2017,36804391.0,23479314.0
9310,14,104,173,2017,2181412.0,9830802.0
9311,14,106,173,2017,2124.0,16965.0
9312,14,111,173,2017,88243.0,5295388.0
9313,14,112,173,2017,0.0,1243.0
9314,14,113,173,2017,3098.0,0.0
9315,14,114,173,2017,18942346.0,2041273.0
9316,14,118,173,2017,117389.0,0.0
9317,14,121,173,2017,54125421.0,103075608.0
9318,14,122,173,2017,9546.0,0.0
9319,14,138,173,2017,36125.0,1239669.0
9320,14,153,173,2017,472015409.0,103913212.0
9321,14,160,173,2017,1173.0,0.0
9322,14,162,173,2017,142836.0,3275749.0
9323,14,163,173,2017,3245.0,139747.0
9324,14,166,173,2017,17125333.0,21239414.0
9325,14,169,173,2017,5518.0,0.0
9326,14,173,173,2017,8292.0,78883.0
9327,14,174,173,2017,572154.0,89860.0
9328,14,177,173,2017,4747.0,19539077.0
9329,14,179,173,2017,0.0,27537.0
9330,14,188,173,2017,27492.0,0.0
9331,14,190,173,2017,29174.0,0.0
9332,14,192,173,2017,8965404.0,5272309.0
9333,14,206,173,2017,2819.0,0.0
9334,14,207,173,2017,239581.0,60957.0
9335,14,208,173,2017,59410.0,272518.0
9336,14,216,173,2017,105377388.0,81555737.0
9337,14,224,173,2017,204966.0,5680985.0
9338,14,230,173,2017,4129.0,0.0
9339,14,231,173,2017,27172213.0,14042580.0
9340,14,246,173,2017,4633031.0,5293249.0
9341,14,249,173,2017,336585973.0,87792718.0
9342,14,250,173,2017,6576.0,0.0
9343,14,59,173,2017,0.0,331535.0
9344,14,124,173,2017,5605.0,0.0
9345,14,168,173,2017,2718757.0,25420.0
9346,14,2,173,2017,0.0,474.0
9347,14,107,173,2017,0.0,4921392.0
9348,14,110,173,2017,46534.0,141725.0
9349,14,115,173,2017,1368.0,0.0
9350,14,128,173,2017,187656.0,11734.0
9351,14,183,173,2017,1375057.0,0.0
9352,14,73,173,2017,824.0,0.0
9353,14,185,173,2017,0.0,19778.0
9354,14,186,173,2017,164757.0,2764.0
9355,14,145,173,2017,1191.0,0.0
9356,14,226,173,2017,244081.0,0.0
9357,14,44,173,2017,91146.0,0.0
9358,14,134,173,2017,0.0,5112.0
9359,14,239,173,2017,116560033.0,21515522.0
9360,14,22,173,2017,48935909.0,0.0
9361,14,237,173,2017,0.0,4798.0
9362,14,123,173,2017,6983.0,0.0
9363,14,143,173,2017,120384.0,0.0
9364,14,191,173,2017,5357.0,0.0
9365,14,10,173,2017,4294.0,92094.0
9366,14,26,173,2017,0.0,1829.0
9367,14,100,173,2017,1703.0,0.0
9368,14,116,173,2017,212477.0,1023.0
9369,14,132,173,2017,12158.0,0.0
9370,14,147,173,2017,1396.0,0.0
9371,14,151,173,2017,15160.0,0.0
9372,14,152,173,2017,4172.0,0.0
9373,14,164,173,2017,193580.0,11518.0
9374,14,167,173,2017,14972.0,0.0
9375,14,248,173,2017,618.0,0.0
9376,14,83,173,2017,109195.0,0.0
9377,14,46,173,2017,154865.0,0.0
9378,14,139,173,2017,4490.0,1455.0
9379,14,242,173,2017,27815.0,279354.0
9380,14,141,173,2017,9209.0,0.0
9381,14,136,173,2017,3842.0,0.0
9382,14,220,173,2017,86323.0,0.0
9383,14,176,173,2017,1173641.0,1673997.0
9384,14,34,173,2017,62860.0,0.0
9385,14,45,173,2017,22851.0,0.0
9386,14,156,173,2017,155762.0,615678.0
9387,14,196,173,2017,0.0,1310.0
9388,14,247,173,2017,4679.0,0.0
9389,14,165,173,2017,21688.0,19810.0
9390,14,21,173,2017,72629.0,0.0
9391,14,240,173,2017,173034.0,167021.0
9392,14,182,173,2017,11067.0,0.0
9393,14,195,173,2017,121952.0,15583.0
9394,14,75,173,2017,202121.0,706361.0
9395,14,48,173,2017,10008.0,0.0
9396,14,119,173,2017,2789.0,0.0
9397,14,137,173,2017,17753.0,0.0
9398,14,221,173,2017,29199.0,23275.0
9399,14,7,174,2017,59601871.0,106751.0
9400,14,8,174,2017,504228.0,0.0
9401,14,15,174,2017,851076.0,51463.0
9402,14,18,174,2017,2179.0,860285.0
9403,14,32,174,2017,92356.0,2172.0
9404,14,39,174,2017,7929562.0,11507487.0
9405,14,41,174,2017,397596.0,222506.0
9406,14,43,174,2017,404155869.0,2566683.0
9407,14,58,174,2017,797.0,0.0
9408,14,61,174,2017,16363083.0,2900755.0
9409,14,64,174,2017,8967.0,2049.0
9410,14,71,174,2017,30823977.0,356598.0
9411,14,74,174,2017,0.0,3239859.0
9412,14,77,174,2017,9630943.0,451395.0
9413,14,81,174,2017,32882244.0,8182821.0
9414,14,97,174,2017,5639.0,406700.0
9415,14,102,174,2017,679.0,0.0
9416,14,103,174,2017,690669.0,1310.0
9417,14,104,174,2017,56208750.0,36233.0
9418,14,106,174,2017,0.0,1707.0
9419,14,111,174,2017,5217710.0,2481902.0
9420,14,114,174,2017,97616850.0,911781.0
9421,14,121,174,2017,39526096.0,155287.0
9422,14,122,174,2017,36754.0,0.0
9423,14,138,174,2017,0.0,3246.0
9424,14,153,174,2017,107855736.0,2073060.0
9425,14,162,174,2017,31505255.0,610138.0
9426,14,163,174,2017,17574615.0,573772.0
9427,14,166,174,2017,352504.0,17552.0
9428,14,174,174,2017,25824.0,0.0
9429,14,177,174,2017,5119.0,2056.0
9430,14,179,174,2017,0.0,235920.0
9431,14,188,174,2017,1252615.0,0.0
9432,14,192,174,2017,128303443.0,751017.0
9433,14,207,174,2017,1866419.0,0.0
9434,14,208,174,2017,3753287.0,170946.0
9435,14,216,174,2017,974069.0,37376.0
9436,14,224,174,2017,198218.0,1043.0
9437,14,231,174,2017,125367904.0,11805278.0
9438,14,246,174,2017,20115475.0,11570.0
9439,14,249,174,2017,256763833.0,1029651.0
9440,14,250,174,2017,1495.0,0.0
9441,14,59,174,2017,2351100.0,0.0
9442,14,124,174,2017,38390.0,0.0
9443,14,110,174,2017,141149.0,28534.0
9444,14,128,174,2017,1738.0,0.0
9445,14,183,174,2017,22822.0,3143.0
9446,14,228,174,2017,180601.0,0.0
9447,14,73,174,2017,813.0,0.0
9448,14,185,174,2017,98895.0,0.0
9449,14,186,174,2017,71915.0,108002.0
9450,14,140,174,2017,27053.0,0.0
9451,14,239,174,2017,218023.0,0.0
9452,14,159,174,2017,2562.0,0.0
9453,14,123,174,2017,2309.0,0.0
9454,14,132,174,2017,1146.0,0.0
9455,14,201,174,2017,109512.0,0.0
9456,14,223,174,2017,7541.0,0.0
9457,14,83,174,2017,3151.0,0.0
9458,14,242,174,2017,17877.0,0.0
9459,14,176,174,2017,261557.0,0.0
9460,14,156,174,2017,6300.0,0.0
9461,14,165,174,2017,2383.0,0.0
9462,14,240,174,2017,6345.0,0.0
9463,14,182,174,2017,4614.0,0.0
9464,14,195,174,2017,1999.0,0.0
9465,14,75,174,2017,24211.0,1171.0
9466,14,119,174,2017,10956.0,0.0
9467,14,1,175,2017,0.0,1859.0
9468,14,7,175,2017,1080923.0,4847343.0
9469,14,8,175,2017,14427.0,319115.0
9470,14,15,175,2017,181820.0,7741099.0
9471,14,18,175,2017,24151484.0,1768045.0
9472,14,23,175,2017,1763.0,7167.0
9473,14,24,175,2017,10969423.0,38606549.0
9474,14,32,175,2017,54677135.0,721546.0
9475,14,39,175,2017,3269480.0,2213921.0
9476,14,41,175,2017,279639.0,7400444.0
9477,14,42,175,2017,180519.0,96546.0
9478,14,43,175,2017,215012280.0,846291711.0
9479,14,49,175,2017,1248050.0,0.0
9480,14,52,175,2017,209840.0,3471.0
9481,14,55,175,2017,43113.0,0.0
9482,14,58,175,2017,0.0,360157.0
9483,14,61,175,2017,713702.0,63061428.0
9484,14,64,175,2017,47182.0,5785601.0
9485,14,65,175,2017,1135.0,0.0
9486,14,67,175,2017,241569.0,0.0
9487,14,71,175,2017,2893770.0,11937609.0
9488,14,74,175,2017,25317.0,172318.0
9489,14,77,175,2017,1393063.0,16155725.0
9490,14,81,175,2017,7593257.0,24575571.0
9491,14,90,175,2017,222312.0,10323521.0
9492,14,97,175,2017,9038362.0,5697636.0
9493,14,99,175,2017,17524.0,0.0
9494,14,102,175,2017,14021.0,146724.0
9495,14,103,175,2017,131237986.0,12679291.0
9496,14,104,175,2017,123372989.0,15516575.0
9497,14,106,175,2017,24022.0,241652.0
9498,14,111,175,2017,3070653.0,43104508.0
9499,14,112,175,2017,81802.0,0.0
9500,14,114,175,2017,607786170.0,55666375.0
9501,14,118,175,2017,23660.0,121530.0
9502,14,121,175,2017,475029144.0,110228690.0
9503,14,122,175,2017,22105.0,0.0
9504,14,130,175,2017,0.0,602581.0
9505,14,138,175,2017,7806847.0,300932.0
9506,14,153,175,2017,59131228.0,57986015.0
9507,14,162,175,2017,9327303.0,24142574.0
9508,14,163,175,2017,944844.0,601605.0
9509,14,166,175,2017,52034178.0,50423873.0
9510,14,169,175,2017,266584.0,0.0
9511,14,173,175,2017,897600.0,0.0
9512,14,174,175,2017,4785038.0,323717.0
9513,14,177,175,2017,197313.0,1637253.0
9514,14,179,175,2017,24226.0,449450.0
9515,14,188,175,2017,7456563.0,8556922.0
9516,14,192,175,2017,2342368.0,3474390.0
9517,14,197,175,2017,4313791.0,0.0
9518,14,205,175,2017,8922.0,0.0
9519,14,206,175,2017,5161.0,103611.0
9520,14,207,175,2017,2139510.0,906239.0
9521,14,208,175,2017,824915.0,2951158.0
9522,14,216,175,2017,239616036.0,45563172.0
9523,14,222,175,2017,154942.0,0.0
9524,14,224,175,2017,264355.0,1851617.0
9525,14,230,175,2017,18380.0,0.0
9526,14,231,175,2017,189362615.0,68534132.0
9527,14,246,175,2017,1231143.0,21656269.0
9528,14,249,175,2017,166111500.0,7180195.0
9529,14,250,175,2017,24832.0,0.0
9530,14,59,175,2017,174086.0,1259177.0
9531,14,124,175,2017,1264.0,4121.0
9532,14,127,175,2017,2498.0,0.0
9533,14,131,175,2017,205568.0,30990.0
9534,14,168,175,2017,2977671.0,368695.0
9535,14,25,175,2017,48904.0,0.0
9536,14,107,175,2017,0.0,8496.0
9537,14,110,175,2017,5888213.0,1313696.0
9538,14,115,175,2017,63351.0,0.0
9539,14,128,175,2017,157094.0,42507.0
9540,14,183,175,2017,400714.0,31681483.0
9541,14,228,175,2017,0.0,24487.0
9542,14,185,175,2017,636945.0,273082.0
9543,14,186,175,2017,42217.0,1708042.0
9544,14,31,175,2017,1499.0,0.0
9545,14,145,175,2017,21472.0,0.0
9546,14,226,175,2017,2533806.0,0.0
9547,14,44,175,2017,32263.0,0.0
9548,14,140,175,2017,942.0,58518.0
9549,14,134,175,2017,177960.0,1224.0
9550,14,239,175,2017,273368108.0,11643998.0
9551,14,22,175,2017,2589958.0,30540.0
9552,14,159,175,2017,67006.0,0.0
9553,14,142,175,2017,6669.0,0.0
9554,14,72,175,2017,0.0,8457.0
9555,14,19,175,2017,2795.0,0.0
9556,14,123,175,2017,4058.0,0.0
9557,14,143,175,2017,56073.0,6291.0
9558,14,191,175,2017,25172.0,0.0
9559,14,16,175,2017,5855.0,0.0
9560,14,10,175,2017,0.0,56005.0
9561,14,26,175,2017,0.0,26045.0
9562,14,28,175,2017,0.0,46159.0
9563,14,68,175,2017,3566556.0,8122.0
9564,14,100,175,2017,19532.0,203709.0
9565,14,116,175,2017,8060179.0,0.0
9566,14,132,175,2017,2216.0,16741.0
9567,14,147,175,2017,44348.0,74210.0
9568,14,151,175,2017,98638.0,47928.0
9569,14,164,175,2017,319267.0,21590.0
9570,14,167,175,2017,24790.0,157289.0
9571,14,187,175,2017,368.0,0.0
9572,14,201,175,2017,2167.0,148453.0
9573,14,223,175,2017,19803.0,0.0
9574,14,211,175,2017,16997.0,0.0
9575,14,227,175,2017,2175572.0,0.0
9576,14,4,175,2017,1385.0,0.0
9577,14,144,175,2017,0.0,9439.0
9578,14,66,175,2017,4195.0,0.0
9579,14,83,175,2017,158618.0,0.0
9580,14,46,175,2017,840.0,0.0
9581,14,139,175,2017,10129.0,14913.0
9582,14,242,175,2017,35190.0,50650.0
9583,14,141,175,2017,3295.0,0.0
9584,14,109,175,2017,10006.0,4976783.0
9585,14,136,175,2017,7819.0,0.0
9586,14,220,175,2017,141217.0,704.0
9587,14,176,175,2017,14765113.0,545888.0
9588,14,34,175,2017,41249.0,3270.0
9589,14,133,175,2017,375175.0,11434.0
9590,14,155,175,2017,13669.0,0.0
9591,14,156,175,2017,785175.0,202119.0
9592,14,157,175,2017,0.0,2186.0
9593,14,196,175,2017,6887.0,0.0
9594,14,247,175,2017,606.0,0.0
9595,14,40,175,2017,190572.0,0.0
9596,14,165,175,2017,94318.0,0.0
9597,14,21,175,2017,4227.0,0.0
9598,14,158,175,2017,29073.0,0.0
9599,14,240,175,2017,288632.0,69850.0
9600,14,182,175,2017,11042.0,0.0
9601,14,195,175,2017,423313.0,54050.0
9602,14,75,175,2017,771283.0,527531.0
9603,14,175,175,2017,2568.0,0.0
9604,14,48,175,2017,50391.0,0.0
9605,14,119,175,2017,38167.0,4784.0
9606,14,79,175,2017,3394.0,0.0
9607,14,137,175,2017,11197.0,0.0
9608,14,95,175,2017,13130.0,0.0
9609,14,221,175,2017,24325.0,6963.0
9610,14,56,175,2017,213526.0,0.0
9611,14,7,177,2017,5558036.0,1890.0
9612,14,15,177,2017,0.0,20879.0
9613,14,18,177,2017,383039.0,1480583.0
9614,14,39,177,2017,1924150.0,46650.0
9615,14,41,177,2017,0.0,55257.0
9616,14,43,177,2017,483025321.0,5738356.0
9617,14,61,177,2017,10775.0,879327.0
9618,14,64,177,2017,0.0,4406.0
9619,14,71,177,2017,0.0,506729.0
9620,14,74,177,2017,0.0,5615.0
9621,14,77,177,2017,2487.0,1387306.0
9622,14,81,177,2017,25754.0,4295956.0
9623,14,90,177,2017,0.0,1220.0
9624,14,97,177,2017,90936248.0,5907.0
9625,14,102,177,2017,0.0,5925.0
9626,14,103,177,2017,101084358.0,122371.0
9627,14,104,177,2017,21027221.0,1796657.0
9628,14,111,177,2017,79411.0,46509.0
9629,14,114,177,2017,5835642.0,58425.0
9630,14,121,177,2017,1068407.0,45005822.0
9631,14,138,177,2017,1090.0,0.0
9632,14,153,177,2017,52652909.0,3055188.0
9633,14,162,177,2017,0.0,719762.0
9634,14,163,177,2017,193425.0,5045.0
9635,14,166,177,2017,32917174.0,103105.0
9636,14,173,177,2017,0.0,216542.0
9637,14,174,177,2017,11372052.0,73464.0
9638,14,177,177,2017,0.0,1597.0
9639,14,188,177,2017,17266804.0,0.0
9640,14,192,177,2017,2998847.0,348283.0
9641,14,208,177,2017,0.0,21102.0
9642,14,216,177,2017,45458106.0,33067.0
9643,14,222,177,2017,21230.0,0.0
9644,14,224,177,2017,25541.0,9466.0
9645,14,231,177,2017,100139196.0,503124.0
9646,14,246,177,2017,13028856.0,1037.0
9647,14,249,177,2017,182043864.0,949256.0
9648,14,59,177,2017,0.0,11163.0
9649,14,168,177,2017,9427803.0,0.0
9650,14,110,177,2017,0.0,122716.0
9651,14,128,177,2017,62744.0,0.0
9652,14,183,177,2017,1845.0,0.0
9653,14,73,177,2017,659152.0,0.0
9654,14,186,177,2017,0.0,1626.0
9655,14,226,177,2017,1440568.0,0.0
9656,14,134,177,2017,0.0,29420.0
9657,14,239,177,2017,171120555.0,0.0
9658,14,22,177,2017,35070812.0,0.0
9659,14,16,177,2017,1020.0,0.0
9660,14,68,177,2017,536312.0,0.0
9661,14,100,177,2017,0.0,4537.0
9662,14,116,177,2017,3728501.0,0.0
9663,14,164,177,2017,253464.0,0.0
9664,14,211,177,2017,3757.0,0.0
9665,14,227,177,2017,199012.0,0.0
9666,14,220,177,2017,56241.0,0.0
9667,14,176,177,2017,14056.0,0.0
9668,14,156,177,2017,21967.0,1103.0
9669,14,182,177,2017,13490.0,0.0
9670,14,195,177,2017,28996.0,0.0
9671,14,75,177,2017,139507.0,0.0
9672,14,56,177,2017,6716.0,0.0
9673,14,15,178,2017,0.0,49514.0
9674,14,18,178,2017,963136.0,12086.0
9675,14,39,178,2017,1006.0,10160.0
9676,14,41,178,2017,0.0,9949.0
9677,14,43,178,2017,0.0,2991910.0
9678,14,61,178,2017,5465.0,37704.0
9679,14,71,178,2017,0.0,33466.0
9680,14,77,178,2017,24067.0,2205737.0
9681,14,81,178,2017,1513.0,1354719.0
9682,14,97,178,2017,0.0,3870428.0
9683,14,103,178,2017,90450.0,1108992.0
9684,14,104,178,2017,510813.0,8919.0
9685,14,106,178,2017,0.0,1198.0
9686,14,111,178,2017,0.0,251435.0
9687,14,114,178,2017,4191.0,14859.0
9688,14,121,178,2017,0.0,17585.0
9689,14,138,178,2017,26342.0,2667.0
9690,14,153,178,2017,175902.0,556702.0
9691,14,162,178,2017,0.0,14379.0
9692,14,166,178,2017,2051073.0,1582834.0
9693,14,179,178,2017,0.0,395476.0
9694,14,192,178,2017,13275.0,565989.0
9695,14,208,178,2017,0.0,2315.0
9696,14,216,178,2017,6300.0,1405891.0
9697,14,231,178,2017,11410.0,502888.0
9698,14,246,178,2017,1176.0,29823.0
9699,14,249,178,2017,182822.0,143352.0
9700,14,168,178,2017,1170908.0,0.0
9701,14,128,178,2017,59452.0,0.0
9702,14,183,178,2017,0.0,2333.0
9703,14,226,178,2017,656.0,0.0
9704,14,239,178,2017,2210.0,0.0
9705,14,22,178,2017,28650.0,0.0
9706,14,136,178,2017,18574.0,0.0
9707,14,220,178,2017,4877.0,0.0
9708,14,176,178,2017,150807.0,0.0
9709,14,156,178,2017,6647.0,0.0
9710,14,75,178,2017,50254.0,0.0
9711,14,7,179,2017,237918.0,9865.0
9712,14,8,179,2017,113133.0,0.0
9713,14,15,179,2017,0.0,194020.0
9714,14,18,179,2017,156450.0,72033.0
9715,14,24,179,2017,62974.0,0.0
9716,14,32,179,2017,614272.0,204649.0
9717,14,39,179,2017,10836958.0,2126223.0
9718,14,41,179,2017,10216.0,916084.0
9719,14,42,179,2017,1975.0,0.0
9720,14,43,179,2017,41666402.0,11223138.0
9721,14,61,179,2017,1281518.0,6266496.0
9722,14,64,179,2017,0.0,5532.0
9723,14,71,179,2017,28292.0,29297.0
9724,14,74,179,2017,0.0,10321.0
9725,14,77,179,2017,2661194.0,4282568.0
9726,14,81,179,2017,1755297.0,15385863.0
9727,14,97,179,2017,358961.0,6334166.0
9728,14,102,179,2017,0.0,30541.0
9729,14,103,179,2017,60449.0,0.0
9730,14,104,179,2017,372086.0,769309.0
9731,14,106,179,2017,0.0,15441.0
9732,14,111,179,2017,357028.0,287591.0
9733,14,114,179,2017,6257952.0,7457944.0
9734,14,121,179,2017,11262144.0,808266.0
9735,14,130,179,2017,2789.0,0.0
9736,14,153,179,2017,5544008.0,1450972.0
9737,14,162,179,2017,25791196.0,2426637.0
9738,14,163,179,2017,0.0,1769212.0
9739,14,166,179,2017,555716.0,198385.0
9740,14,173,179,2017,0.0,2708.0
9741,14,174,179,2017,80660.0,1727980.0
9742,14,177,179,2017,9870.0,1460.0
9743,14,179,179,2017,972.0,0.0
9744,14,192,179,2017,6891482.0,684699.0
9745,14,197,179,2017,23692.0,0.0
9746,14,207,179,2017,0.0,7202.0
9747,14,208,179,2017,0.0,113056.0
9748,14,216,179,2017,5587401.0,134641.0
9749,14,224,179,2017,514036.0,27365.0
9750,14,231,179,2017,7081905.0,28971488.0
9751,14,246,179,2017,1024883.0,1286056.0
9752,14,249,179,2017,37226880.0,1311033.0
9753,14,168,179,2017,13884.0,0.0
9754,14,107,179,2017,12145.0,0.0
9755,14,110,179,2017,0.0,1026.0
9756,14,115,179,2017,1052.0,0.0
9757,14,128,179,2017,42871.0,0.0
9758,14,228,179,2017,0.0,4927.0
9759,14,185,179,2017,3291.0,0.0
9760,14,186,179,2017,1537.0,908724.0
9761,14,239,179,2017,941.0,328399.0
9762,14,123,179,2017,30688.0,0.0
9763,14,10,179,2017,0.0,1360.0
9764,14,147,179,2017,1713.0,0.0
9765,14,211,179,2017,957.0,0.0
9766,14,83,179,2017,5815.0,0.0
9767,14,242,179,2017,0.0,12094.0
9768,14,136,179,2017,125194.0,41975.0
9769,14,220,179,2017,1171.0,0.0
9770,14,176,179,2017,80286.0,0.0
9771,14,156,179,2017,59277.0,0.0
9772,14,247,179,2017,617.0,0.0
9773,14,75,179,2017,4816.0,0.0
9774,14,137,179,2017,2156.0,0.0
9775,14,7,180,2017,1146598.0,523469.0
9776,14,8,180,2017,183701.0,233482.0
9777,14,15,180,2017,88989.0,2251963.0
9778,14,18,180,2017,214744.0,1969995.0
9779,14,23,180,2017,47109.0,331759.0
9780,14,24,180,2017,72362.0,0.0
9781,14,32,180,2017,313067.0,3019154.0
9782,14,33,180,2017,1304.0,0.0
9783,14,39,180,2017,2015695.0,14780581.0
9784,14,41,180,2017,186608.0,19594885.0
9785,14,42,180,2017,970456.0,145992.0
9786,14,43,180,2017,2092287.0,276007692.0
9787,14,49,180,2017,546298.0,400193.0
9788,14,52,180,2017,7550.0,6659.0
9789,14,58,180,2017,67159.0,32569.0
9790,14,61,180,2017,2325853.0,56550382.0
9791,14,64,180,2017,377636.0,1950275.0
9792,14,65,180,2017,3335.0,0.0
9793,14,67,180,2017,216017.0,1045.0
9794,14,71,180,2017,259216.0,3091620.0
9795,14,74,180,2017,641292.0,2360895.0
9796,14,77,180,2017,1502026.0,10521030.0
9797,14,81,180,2017,2562082.0,19197678.0
9798,14,90,180,2017,39947.0,4236733.0
9799,14,93,180,2017,176374.0,0.0
9800,14,96,180,2017,17426.0,0.0
9801,14,97,180,2017,750506.0,2610655.0
9802,14,99,180,2017,11373.0,0.0
9803,14,102,180,2017,50941.0,657915.0
9804,14,103,180,2017,3742062.0,1658104.0
9805,14,104,180,2017,357561.0,25178008.0
9806,14,106,180,2017,118116.0,659011.0
9807,14,111,180,2017,576547.0,13280855.0
9808,14,113,180,2017,9518.0,0.0
9809,14,114,180,2017,650759.0,20089317.0
9810,14,118,180,2017,24122.0,1286.0
9811,14,121,180,2017,3449715.0,11100965.0
9812,14,122,180,2017,293962.0,9606.0
9813,14,130,180,2017,2693.0,10839.0
9814,14,138,180,2017,634442.0,9146350.0
9815,14,153,180,2017,1223272.0,12094218.0
9816,14,160,180,2017,758.0,0.0
9817,14,162,180,2017,1607993.0,5423795.0
9818,14,163,180,2017,763551.0,825560.0
9819,14,166,180,2017,28698180.0,23317032.0
9820,14,169,180,2017,14450.0,0.0
9821,14,173,180,2017,383698.0,37494.0
9822,14,174,180,2017,1874965.0,741455.0
9823,14,177,180,2017,71976.0,5908255.0
9824,14,179,180,2017,189012.0,1073788.0
9825,14,180,180,2017,1419.0,0.0
9826,14,188,180,2017,1612052.0,143997.0
9827,14,190,180,2017,63647.0,0.0
9828,14,192,180,2017,5397175.0,5291575.0
9829,14,197,180,2017,27949.0,0.0
9830,14,205,180,2017,33496.0,1442.0
9831,14,206,180,2017,1696.0,78878.0
9832,14,207,180,2017,45907.0,408785.0
9833,14,208,180,2017,336350.0,31137111.0
9834,14,216,180,2017,2165417.0,8505166.0
9835,14,222,180,2017,3659.0,0.0
9836,14,224,180,2017,49608.0,416488.0
9837,14,230,180,2017,12134.0,0.0
9838,14,231,180,2017,11198351.0,114896911.0
9839,14,236,180,2017,51912.0,0.0
9840,14,246,180,2017,1650810.0,1752216.0
9841,14,249,180,2017,344308.0,70323236.0
9842,14,250,180,2017,177161.0,0.0
9843,14,29,180,2017,0.0,1413.0
9844,14,59,180,2017,86729.0,1793099.0
9845,14,124,180,2017,52590.0,15206.0
9846,14,131,180,2017,1765.0,360294.0
9847,14,168,180,2017,372563.0,2108739.0
9848,14,2,180,2017,727.0,8822.0
9849,14,107,180,2017,59093.0,9497.0
9850,14,110,180,2017,59707.0,7793732.0
9851,14,115,180,2017,248243.0,13380.0
9852,14,128,180,2017,31521.0,6909.0
9853,14,183,180,2017,358183.0,11079.0
9854,14,228,180,2017,4721.0,8831.0
9855,14,54,180,2017,4190.0,0.0
9856,14,73,180,2017,31292.0,0.0
9857,14,185,180,2017,57114.0,33245.0
9858,14,186,180,2017,177925.0,675521.0
9859,14,31,180,2017,1850.0,143.0
9860,14,145,180,2017,1762319.0,0.0
9861,14,226,180,2017,205008.0,0.0
9862,14,44,180,2017,350187.0,0.0
9863,14,140,180,2017,22284.0,0.0
9864,14,134,180,2017,47334.0,0.0
9865,14,85,180,2017,1144084.0,0.0
9866,14,239,180,2017,453641.0,10476420.0
9867,14,22,180,2017,40281.0,1369.0
9868,14,159,180,2017,72247.0,0.0
9869,14,142,180,2017,18188.0,4310.0
9870,14,72,180,2017,8310.0,245970.0
9871,14,19,180,2017,39044.0,0.0
9872,14,123,180,2017,80241.0,8966.0
9873,14,143,180,2017,267820.0,0.0
9874,14,191,180,2017,363588.0,521301.0
9875,14,16,180,2017,209822.0,837.0
9876,14,80,180,2017,2309.0,65321.0
9877,14,10,180,2017,25078.0,11798.0
9878,14,26,180,2017,353.0,9692.0
9879,14,28,180,2017,269.0,49710.0
9880,14,68,180,2017,498018.0,1222.0
9881,14,82,180,2017,36359.0,1753.0
9882,14,100,180,2017,5289.0,10575.0
9883,14,108,180,2017,147728.0,0.0
9884,14,116,180,2017,70210.0,0.0
9885,14,117,180,2017,3298.0,3333.0
9886,14,132,180,2017,0.0,9283.0
9887,14,147,180,2017,63737.0,0.0
9888,14,151,180,2017,279038.0,0.0
9889,14,152,180,2017,2196.0,0.0
9890,14,164,180,2017,2761.0,2691.0
9891,14,167,180,2017,36041.0,112093.0
9892,14,187,180,2017,4954.0,0.0
9893,14,201,180,2017,14380.0,5900.0
9894,14,223,180,2017,1298.0,0.0
9895,14,211,180,2017,120177.0,0.0
9896,14,227,180,2017,57983.0,0.0
9897,14,9,180,2017,1818.0,0.0
9898,14,66,180,2017,4744.0,0.0
9899,14,17,180,2017,2233.0,0.0
9900,14,83,180,2017,2041090.0,24072.0
9901,14,46,180,2017,67174.0,1226.0
9902,14,242,180,2017,115545.0,3452.0
9903,14,141,180,2017,273029.0,2768.0
9904,14,148,180,2017,124310.0,0.0
9905,14,109,180,2017,31527.0,321.0
9906,14,136,180,2017,45223.0,0.0
9907,14,220,180,2017,206106.0,3271.0
9908,14,176,180,2017,13162046.0,93010.0
9909,14,34,180,2017,50847.0,26389.0
9910,14,214,180,2017,3973.0,0.0
9911,14,37,180,2017,20891.0,0.0
9912,14,45,180,2017,5590.0,0.0
9913,14,47,180,2017,38827.0,0.0
9914,14,125,180,2017,65273.0,0.0
9915,14,133,180,2017,19483.0,0.0
9916,14,155,180,2017,2120.0,0.0
9917,14,156,180,2017,860690.0,9934.0
9918,14,196,180,2017,14262.0,33514.0
9919,14,247,180,2017,110965.0,0.0
9920,14,40,180,2017,6081.0,0.0
9921,14,165,180,2017,79574.0,9285.0
9922,14,21,180,2017,74460.0,0.0
9923,14,62,180,2017,207456.0,0.0
9924,14,158,180,2017,61251.0,0.0
9925,14,240,180,2017,1049937.0,0.0
9926,14,182,180,2017,219486.0,0.0
9927,14,195,180,2017,600999.0,126924.0
9928,14,75,180,2017,2995049.0,64372.0
9929,14,175,180,2017,673.0,0.0
9930,14,76,180,2017,16345.0,0.0
9931,14,48,180,2017,25302.0,0.0
9932,14,119,180,2017,54748.0,0.0
9933,14,79,180,2017,2121.0,0.0
9934,14,137,180,2017,29639.0,1391.0
9935,14,95,180,2017,13287.0,0.0
9936,14,221,180,2017,102646.0,0.0
9937,14,225,180,2017,3378.0,0.0
9938,14,56,180,2017,29406.0,0.0
9939,14,7,181,2017,2352176.0,1284911.0
9940,14,8,181,2017,29861.0,1935.0
9941,14,15,181,2017,35975.0,56424402.0
9942,14,18,181,2017,225787.0,1477244.0
9943,14,23,181,2017,72676.0,792948.0
9944,14,24,181,2017,67721.0,39267.0
9945,14,32,181,2017,87252.0,240603.0
9946,14,39,181,2017,1145394.0,2537049.0
9947,14,41,181,2017,56686.0,2726612.0
9948,14,42,181,2017,108433.0,48831.0
9949,14,43,181,2017,2896604.0,325869788.0
9950,14,49,181,2017,61574.0,1239.0
9951,14,52,181,2017,0.0,4238.0
9952,14,58,181,2017,4996.0,1801.0
9953,14,61,181,2017,623451.0,45594266.0
9954,14,64,181,2017,14325.0,6258782.0
9955,14,65,181,2017,619.0,19803.0
9956,14,67,181,2017,2734.0,0.0
9957,14,71,181,2017,68729.0,11229223.0
9958,14,74,181,2017,204820.0,5271808.0
9959,14,77,181,2017,348277.0,11763434.0
9960,14,81,181,2017,2402271.0,15499189.0
9961,14,90,181,2017,158101.0,371715.0
9962,14,93,181,2017,11580.0,0.0
9963,14,97,181,2017,1256178.0,5093003.0
9964,14,102,181,2017,6612.0,840859.0
9965,14,103,181,2017,1888958.0,6112843.0
9966,14,104,181,2017,754287.0,12619130.0
9967,14,106,181,2017,51348.0,276698.0
9968,14,111,181,2017,283858.0,41776832.0
9969,14,113,181,2017,12682.0,0.0
9970,14,114,181,2017,1512834.0,9077764.0
9971,14,118,181,2017,8498.0,255800.0
9972,14,121,181,2017,977458.0,17463285.0
9973,14,122,181,2017,120481.0,0.0
9974,14,130,181,2017,0.0,54788.0
9975,14,138,181,2017,1647777.0,5934025.0
9976,14,153,181,2017,1375697.0,13770960.0
9977,14,160,181,2017,2008.0,0.0
9978,14,162,181,2017,1396127.0,6333253.0
9979,14,163,181,2017,74479.0,247129.0
9980,14,166,181,2017,34369589.0,19346521.0
9981,14,169,181,2017,120023.0,0.0
9982,14,173,181,2017,55282.0,0.0
9983,14,174,181,2017,550980.0,5869514.0
9984,14,177,181,2017,23281.0,2282589.0
9985,14,179,181,2017,18544.0,279660.0
9986,14,180,181,2017,19819.0,0.0
9987,14,188,181,2017,1387706.0,1102871.0
9988,14,190,181,2017,7244.0,0.0
9989,14,192,181,2017,2189065.0,10784101.0
9990,14,197,181,2017,987.0,12605.0
9991,14,205,181,2017,5446.0,0.0
9992,14,206,181,2017,5189.0,110214.0
9993,14,207,181,2017,12933.0,672599.0
9994,14,208,181,2017,144731.0,3287478.0
9995,14,216,181,2017,2263165.0,10839578.0
9996,14,222,181,2017,1684.0,0.0
9997,14,224,181,2017,28300.0,1053347.0
9998,14,230,181,2017,2563.0,0.0
9999,14,231,181,2017,19960837.0,55806629.0
10000,14,246,181,2017,444459.0,713015.0
10001,14,249,181,2017,147026.0,45336213.0
10002,14,250,181,2017,192119.0,0.0
10003,14,59,181,2017,724470.0,3982260.0
10004,14,124,181,2017,31141.0,18448.0
10005,14,131,181,2017,0.0,5251.0
10006,14,168,181,2017,11874.0,64980.0
10007,14,107,181,2017,4412.0,6906.0
10008,14,110,181,2017,106127.0,987792.0
10009,14,115,181,2017,6902.0,0.0
10010,14,128,181,2017,98354.0,152779.0
10011,14,183,181,2017,192301.0,0.0
10012,14,228,181,2017,17790.0,17400.0
10013,14,73,181,2017,1764.0,3099.0
10014,14,185,181,2017,2579.0,353173.0
10015,14,186,181,2017,9885.0,29538.0
10016,14,31,181,2017,1083.0,0.0
10017,14,145,181,2017,223733.0,0.0
10018,14,226,181,2017,106773.0,0.0
10019,14,44,181,2017,36697.0,0.0
10020,14,140,181,2017,8323.0,101403.0
10021,14,134,181,2017,2717.0,17307.0
10022,14,239,181,2017,310730.0,4463095.0
10023,14,22,181,2017,0.0,2303.0
10024,14,142,181,2017,0.0,10531.0
10025,14,237,181,2017,0.0,1210.0
10026,14,72,181,2017,4818.0,100722.0
10027,14,123,181,2017,116555.0,0.0
10028,14,143,181,2017,9965.0,7011.0
10029,14,191,181,2017,65803.0,0.0
10030,14,16,181,2017,13430.0,0.0
10031,14,10,181,2017,3567.0,0.0
10032,14,26,181,2017,0.0,10683.0
10033,14,68,181,2017,45093.0,9216.0
10034,14,100,181,2017,0.0,45432.0
10035,14,108,181,2017,1762.0,0.0
10036,14,116,181,2017,83310.0,0.0
10037,14,132,181,2017,2575.0,23510.0
10038,14,147,181,2017,90933.0,0.0
10039,14,151,181,2017,3258.0,0.0
10040,14,152,181,2017,633.0,0.0
10041,14,164,181,2017,0.0,67237.0
10042,14,167,181,2017,84749.0,39306.0
10043,14,201,181,2017,0.0,85830.0
10044,14,219,181,2017,37274.0,0.0
10045,14,223,181,2017,0.0,6942.0
10046,14,211,181,2017,9638.0,0.0
10047,14,227,181,2017,1995.0,0.0
10048,14,248,181,2017,0.0,11174.0
10049,14,66,181,2017,2541.0,0.0
10050,14,83,181,2017,199812.0,0.0
10051,14,46,181,2017,15574.0,0.0
10052,14,242,181,2017,132449.0,13753.0
10053,14,141,181,2017,13785.0,2440.0
10054,14,109,181,2017,19357.0,796.0
10055,14,136,181,2017,107791.0,0.0
10056,14,220,181,2017,68759.0,9171.0
10057,14,176,181,2017,4569770.0,10570.0
10058,14,34,181,2017,33670.0,0.0
10059,14,45,181,2017,0.0,5823.0
10060,14,133,181,2017,138017.0,78156.0
10061,14,155,181,2017,2090.0,7329.0
10062,14,156,181,2017,325532.0,0.0
10063,14,157,181,2017,1443.0,0.0
10064,14,196,181,2017,8854.0,14731.0
10065,14,241,181,2017,1152.0,0.0
10066,14,247,181,2017,110760.0,0.0
10067,14,40,181,2017,8583.0,0.0
10068,14,165,181,2017,92832.0,5684.0
10069,14,21,181,2017,22047.0,0.0
10070,14,62,181,2017,3029.0,0.0
10071,14,101,181,2017,0.0,3563.0
10072,14,158,181,2017,44237.0,0.0
10073,14,240,181,2017,175836.0,0.0
10074,14,182,181,2017,893848.0,0.0
10075,14,195,181,2017,369378.0,1087.0
10076,14,75,181,2017,1497913.0,51912.0
10077,14,175,181,2017,940.0,0.0
10078,14,48,181,2017,54432.0,0.0
10079,14,119,181,2017,4045.0,0.0
10080,14,137,181,2017,16076.0,0.0
10081,14,221,181,2017,29789.0,0.0
10082,14,56,181,2017,38769.0,0.0
10083,14,7,184,2017,185100.0,752015.0
10084,14,8,184,2017,1599341.0,2832469.0
10085,14,15,184,2017,177943.0,18623731.0
10086,14,18,184,2017,712362.0,1551910.0
10087,14,23,184,2017,0.0,83737.0
10088,14,24,184,2017,2510.0,78156.0
10089,14,32,184,2017,97314.0,79777.0
10090,14,39,184,2017,491294.0,869099.0
10091,14,41,184,2017,38981.0,1169482.0
10092,14,42,184,2017,130611.0,3204.0
10093,14,43,184,2017,4292487.0,161196914.0
10094,14,49,184,2017,2878.0,0.0
10095,14,61,184,2017,239309.0,28341856.0
10096,14,64,184,2017,0.0,509866.0
10097,14,67,184,2017,27460.0,0.0
10098,14,71,184,2017,90849.0,12733726.0
10099,14,74,184,2017,3402.0,3019.0
10100,14,77,184,2017,602449.0,18909586.0
10101,14,81,184,2017,1998835.0,7915041.0
10102,14,90,184,2017,10467.0,0.0
10103,14,96,184,2017,3469.0,0.0
10104,14,97,184,2017,2864413.0,313947.0
10105,14,102,184,2017,564.0,1491283.0
10106,14,103,184,2017,2228605.0,1324958.0
10107,14,104,184,2017,2169014.0,166045818.0
10108,14,106,184,2017,15556.0,34172.0
10109,14,111,184,2017,1495718.0,29499293.0
10110,14,113,184,2017,3015.0,0.0
10111,14,114,184,2017,59793.0,1134056.0
10112,14,121,184,2017,829522.0,2675114.0
10113,14,138,184,2017,0.0,317916.0
10114,14,153,184,2017,244411.0,3243483.0
10115,14,162,184,2017,1173803.0,1635833.0
10116,14,163,184,2017,253491.0,281768.0
10117,14,166,184,2017,9497313.0,11530663.0
10118,14,173,184,2017,93872.0,0.0
10119,14,174,184,2017,435018.0,110665.0
10120,14,177,184,2017,15867.0,31014067.0
10121,14,179,184,2017,0.0,8669.0
10122,14,188,184,2017,946983.0,0.0
10123,14,190,184,2017,15601.0,0.0
10124,14,192,184,2017,1359777.0,2051528.0
10125,14,206,184,2017,0.0,37473.0
10126,14,207,184,2017,0.0,343756.0
10127,14,208,184,2017,131661.0,2363326.0
10128,14,216,184,2017,645848.0,595126.0
10129,14,224,184,2017,142096.0,2174.0
10130,14,231,184,2017,11969893.0,54698396.0
10131,14,246,184,2017,1368250.0,2416938.0
10132,14,249,184,2017,366283.0,139385.0
10133,14,250,184,2017,0.0,7050.0
10134,14,59,184,2017,3447.0,3001048.0
10135,14,124,184,2017,6146.0,0.0
10136,14,131,184,2017,0.0,126760.0
10137,14,168,184,2017,3054.0,12468.0
10138,14,2,184,2017,0.0,27082.0
10139,14,107,184,2017,290924.0,0.0
10140,14,110,184,2017,3740.0,7357.0
10141,14,115,184,2017,218794.0,0.0
10142,14,128,184,2017,3113.0,1818.0
10143,14,183,184,2017,9677123.0,21190.0
10144,14,73,184,2017,243.0,0.0
10145,14,185,184,2017,1262.0,9195.0
10146,14,186,184,2017,24270.0,1620.0
10147,14,31,184,2017,2617.0,0.0
10148,14,145,184,2017,136655.0,0.0
10149,14,226,184,2017,8688.0,5510.0
10150,14,44,184,2017,61325.0,0.0
10151,14,140,184,2017,0.0,4811.0
10152,14,85,184,2017,6241.0,0.0
10153,14,239,184,2017,46981.0,167008.0
10154,14,72,184,2017,0.0,44473.0
10155,14,123,184,2017,4228.0,0.0
10156,14,143,184,2017,33518.0,0.0
10157,14,191,184,2017,66698.0,0.0
10158,14,16,184,2017,0.0,32125.0
10159,14,26,184,2017,0.0,8460.0
10160,14,68,184,2017,6070.0,47261.0
10161,14,82,184,2017,0.0,191001.0
10162,14,100,184,2017,6024.0,0.0
10163,14,116,184,2017,381075.0,0.0
10164,14,117,184,2017,0.0,1629.0
10165,14,132,184,2017,198243.0,1931.0
10166,14,147,184,2017,7808.0,11484.0
10167,14,167,184,2017,39486.0,0.0
10168,14,227,184,2017,2707.0,0.0
10169,14,248,184,2017,740.0,0.0
10170,14,9,184,2017,1129.0,0.0
10171,14,83,184,2017,10912.0,0.0
10172,14,46,184,2017,1573.0,0.0
10173,14,242,184,2017,19646.0,0.0
10174,14,141,184,2017,68101.0,1364.0
10175,14,148,184,2017,529088.0,0.0
10176,14,109,184,2017,1700.0,0.0
10177,14,136,184,2017,1355.0,0.0
10178,14,220,184,2017,173384.0,18476.0
10179,14,176,184,2017,1180732.0,825619.0
10180,14,34,184,2017,80277.0,0.0
10181,14,37,184,2017,21939.0,0.0
10182,14,47,184,2017,0.0,166366.0
10183,14,155,184,2017,10265.0,0.0
10184,14,156,184,2017,1560467.0,3794132.0
10185,14,247,184,2017,9310.0,0.0
10186,14,165,184,2017,5998.0,0.0
10187,14,21,184,2017,9822.0,0.0
10188,14,62,184,2017,5389.0,0.0
10189,14,240,184,2017,7346.0,0.0
10190,14,195,184,2017,91642.0,1605.0
10191,14,75,184,2017,80304.0,165036.0
10192,14,137,184,2017,1083.0,0.0
10193,14,11,184,2017,245933.0,0.0
10194,14,56,184,2017,1688.0,0.0
10195,14,1,186,2017,2578.0,0.0
10196,14,7,186,2017,4482882.0,1374069.0
10197,14,8,186,2017,842.0,17359.0
10198,14,15,186,2017,41904.0,10005085.0
10199,14,18,186,2017,35985488.0,1590974.0
10200,14,23,186,2017,17341.0,4761.0
10201,14,24,186,2017,15947.0,0.0
10202,14,32,186,2017,209300.0,6320141.0
10203,14,39,186,2017,14019645.0,86885205.0
10204,14,41,186,2017,5055353.0,99645204.0
10205,14,42,186,2017,367581.0,45970.0
10206,14,43,186,2017,6905893.0,32611938.0
10207,14,49,186,2017,1099.0,7776.0
10208,14,52,186,2017,6170.0,0.0
10209,14,58,186,2017,0.0,19221.0
10210,14,61,186,2017,13774199.0,40012184.0
10211,14,64,186,2017,310719.0,3028400.0
10212,14,65,186,2017,1989.0,1188.0
10213,14,67,186,2017,0.0,1340.0
10214,14,71,186,2017,2125327.0,169862195.0
10215,14,74,186,2017,1200113.0,30484.0
10216,14,77,186,2017,32709033.0,76873416.0
10217,14,81,186,2017,22963777.0,107872086.0
10218,14,90,186,2017,1510.0,627131.0
10219,14,93,186,2017,16321.0,0.0
10220,14,96,186,2017,6494.0,0.0
10221,14,97,186,2017,31380711.0,7149049.0
10222,14,102,186,2017,13847.0,31932.0
10223,14,103,186,2017,4025604.0,1182242.0
10224,14,104,186,2017,2128693.0,868466.0
10225,14,106,186,2017,578532.0,407033.0
10226,14,111,186,2017,8832989.0,61909000.0
10227,14,112,186,2017,1286.0,0.0
10228,14,113,186,2017,3135.0,80764.0
10229,14,114,186,2017,4596923.0,7618929.0
10230,14,118,186,2017,6320.0,0.0
10231,14,121,186,2017,8245282.0,7828793.0
10232,14,130,186,2017,56254.0,6032.0
10233,14,138,186,2017,58125.0,861069.0
10234,14,153,186,2017,76553071.0,25800127.0
10235,14,162,186,2017,27951673.0,46830781.0
10236,14,163,186,2017,637260.0,3214322.0
10237,14,166,186,2017,51501430.0,71846259.0
10238,14,169,186,2017,203032.0,117192.0
10239,14,173,186,2017,6089.0,0.0
10240,14,174,186,2017,9687084.0,1736792.0
10241,14,177,186,2017,914851.0,51239877.0
10242,14,179,186,2017,1051530.0,39928.0
10243,14,180,186,2017,2565.0,0.0
10244,14,188,186,2017,444498.0,0.0
10245,14,192,186,2017,112631722.0,42350968.0
10246,14,197,186,2017,0.0,24872.0
10247,14,206,186,2017,52053.0,316068.0
10248,14,207,186,2017,126926.0,350198.0
10249,14,208,186,2017,616442.0,313624.0
10250,14,216,186,2017,2550223.0,23768226.0
10251,14,222,186,2017,26733.0,0.0
10252,14,224,186,2017,132776.0,244290.0
10253,14,230,186,2017,2093.0,0.0
10254,14,231,186,2017,387869230.0,1432570405.0
10255,14,246,186,2017,4018768.0,6815173.0
10256,14,249,186,2017,1686433.0,315912.0
10257,14,250,186,2017,4860.0,0.0
10258,14,29,186,2017,1373.0,0.0
10259,14,59,186,2017,110017.0,1484923.0
10260,14,131,186,2017,455165.0,5378.0
10261,14,168,186,2017,13646.0,0.0
10262,14,2,186,2017,335.0,0.0
10263,14,107,186,2017,19361.0,0.0
10264,14,110,186,2017,819657.0,1033257.0
10265,14,115,186,2017,73995.0,0.0
10266,14,128,186,2017,128693.0,221468.0
10267,14,183,186,2017,48153.0,0.0
10268,14,228,186,2017,0.0,799978.0
10269,14,73,186,2017,46074.0,0.0
10270,14,185,186,2017,192919.0,15607.0
10271,14,186,186,2017,37765.0,31124343.0
10272,14,31,186,2017,75585.0,0.0
10273,14,145,186,2017,23212.0,0.0
10274,14,226,186,2017,17581.0,37560.0
10275,14,44,186,2017,29464.0,0.0
10276,14,140,186,2017,2911.0,0.0
10277,14,134,186,2017,0.0,2141.0
10278,14,239,186,2017,730662.0,599326.0
10279,14,22,186,2017,65453.0,0.0
10280,14,159,186,2017,495059.0,30725.0
10281,14,142,186,2017,25250.0,0.0
10282,14,72,186,2017,573.0,0.0
10283,14,123,186,2017,86608.0,2615.0
10284,14,143,186,2017,329259.0,879.0
10285,14,80,186,2017,108929.0,0.0
10286,14,10,186,2017,3839.0,0.0
10287,14,82,186,2017,13083.0,5501.0
10288,14,100,186,2017,10666.0,23855.0
10289,14,116,186,2017,1297038.0,0.0
10290,14,132,186,2017,8097.0,28220.0
10291,14,147,186,2017,2335.0,0.0
10292,14,164,186,2017,518487.0,0.0
10293,14,167,186,2017,13713.0,0.0
10294,14,201,186,2017,3857.0,40050.0
10295,14,211,186,2017,24185.0,3287.0
10296,14,227,186,2017,4004.0,355753.0
10297,14,248,186,2017,153018.0,0.0
10298,14,66,186,2017,0.0,293275.0
10299,14,83,186,2017,3733.0,0.0
10300,14,139,186,2017,46217.0,0.0
10301,14,242,186,2017,36762.0,0.0
10302,14,148,186,2017,5833.0,0.0
10303,14,109,186,2017,239709.0,5816.0
10304,14,220,186,2017,2627885.0,40301.0
10305,14,176,186,2017,15511288.0,695549.0
10306,14,34,186,2017,11071.0,62682.0
10307,14,37,186,2017,188813.0,4381271.0
10308,14,45,186,2017,4184.0,0.0
10309,14,92,186,2017,1514.0,0.0
10310,14,125,186,2017,7530.0,0.0
10311,14,133,186,2017,13828.0,0.0
10312,14,155,186,2017,145249.0,12654.0
10313,14,156,186,2017,2395496.0,74610.0
10314,14,157,186,2017,1587702.0,20972.0
10315,14,215,186,2017,36391.0,0.0
10316,14,241,186,2017,26165.0,0.0
10317,14,40,186,2017,3849.0,0.0
10318,14,57,186,2017,0.0,1552.0
10319,14,165,186,2017,18130.0,0.0
10320,14,21,186,2017,4623.0,0.0
10321,14,240,186,2017,537364.0,41765.0
10322,14,182,186,2017,336230.0,2802.0
10323,14,195,186,2017,806413.0,4066552.0
10324,14,75,186,2017,5824130.0,281755.0
10325,14,175,186,2017,0.0,850.0
10326,14,48,186,2017,73027.0,0.0
10327,14,119,186,2017,81218.0,3783.0
10328,14,79,186,2017,49560.0,0.0
10329,14,137,186,2017,524366.0,6429.0
10330,14,95,186,2017,15166.0,86841.0
10331,14,221,186,2017,47457.0,0.0
10332,14,7,189,2017,276588.0,522170.0
10333,14,15,189,2017,21722.0,546464.0
10334,14,18,189,2017,16386.0,122057.0
10335,14,23,189,2017,1067.0,3941.0
10336,14,32,189,2017,5239.0,2449.0
10337,14,39,189,2017,539322.0,412616.0
10338,14,41,189,2017,6784888.0,272165518.0
10339,14,42,189,2017,2315.0,10577.0
10340,14,43,189,2017,377165.0,51498449.0
10341,14,49,189,2017,1550.0,0.0
10342,14,52,189,2017,9904.0,0.0
10343,14,58,189,2017,2610.0,30739.0
10344,14,61,189,2017,503592.0,6683941.0
10345,14,64,189,2017,28348.0,419866.0
10346,14,65,189,2017,0.0,1011.0
10347,14,71,189,2017,27518.0,385089.0
10348,14,74,189,2017,8681.0,207141.0
10349,14,77,189,2017,171233.0,3851390.0
10350,14,81,189,2017,502096.0,5113087.0
10351,14,90,189,2017,0.0,73191.0
10352,14,97,189,2017,27491066.0,11831411.0
10353,14,99,189,2017,946.0,0.0
10354,14,102,189,2017,5591.0,11941.0
10355,14,103,189,2017,53368.0,223809.0
10356,14,104,189,2017,26872.0,667449.0
10357,14,106,189,2017,8557.0,25625.0
10358,14,111,189,2017,76684.0,1586671.0
10359,14,114,189,2017,1793917.0,7004246.0
10360,14,118,189,2017,0.0,32614.0
10361,14,121,189,2017,208900.0,198670.0
10362,14,122,189,2017,2816.0,0.0
10363,14,130,189,2017,1013.0,10027.0
10364,14,138,189,2017,38900.0,301050.0
10365,14,153,189,2017,427450.0,693367.0
10366,14,162,189,2017,250611.0,955211.0
10367,14,163,189,2017,16366.0,2576.0
10368,14,166,189,2017,22319140.0,2543571.0
10369,14,169,189,2017,21651.0,1468.0
10370,14,173,189,2017,537.0,0.0
10371,14,174,189,2017,71071.0,832673.0
10372,14,177,189,2017,12822.0,87561.0
10373,14,179,189,2017,6828.0,12820.0
10374,14,188,189,2017,5909.0,4303.0
10375,14,192,189,2017,14926340.0,18888599.0
10376,14,206,189,2017,1049.0,18320.0
10377,14,207,189,2017,1842.0,33367.0
10378,14,208,189,2017,103650.0,532825.0
10379,14,216,189,2017,111083.0,1476376.0
10380,14,224,189,2017,34059.0,51284.0
10381,14,230,189,2017,4232.0,4968.0
10382,14,231,189,2017,1465925.0,14727370.0
10383,14,246,189,2017,410318.0,232266.0
10384,14,249,189,2017,570186.0,1742104.0
10385,14,250,189,2017,201650.0,0.0
10386,14,59,189,2017,1515.0,59156.0
10387,14,131,189,2017,5517.0,30766.0
10388,14,168,189,2017,5216.0,3177.0
10389,14,107,189,2017,0.0,2962.0
10390,14,110,189,2017,16291.0,313947.0
10391,14,115,189,2017,14755.0,0.0
10392,14,128,189,2017,15253.0,0.0
10393,14,183,189,2017,44305.0,0.0
10394,14,228,189,2017,0.0,1331.0
10395,14,185,189,2017,0.0,6908.0
10396,14,186,189,2017,2158.0,945.0
10397,14,145,189,2017,3074.0,0.0
10398,14,226,189,2017,47001.0,2288.0
10399,14,44,189,2017,23075.0,0.0
10400,14,239,189,2017,15688.0,196175.0
10401,14,22,189,2017,1731.0,0.0
10402,14,159,189,2017,1075.0,0.0
10403,14,142,189,2017,695.0,101468.0
10404,14,72,189,2017,6165.0,3343.0
10405,14,26,189,2017,0.0,1129.0
10406,14,28,189,2017,0.0,18916.0
10407,14,100,189,2017,2213.0,0.0
10408,14,116,189,2017,946.0,0.0
10409,14,117,189,2017,800.0,0.0
10410,14,147,189,2017,1848.0,0.0
10411,14,151,189,2017,0.0,2975.0
10412,14,164,189,2017,19206.0,0.0
10413,14,209,189,2017,0.0,118154.0
10414,14,223,189,2017,0.0,3552.0
10415,14,211,189,2017,2551.0,0.0
10416,14,248,189,2017,0.0,12294.0
10417,14,83,189,2017,10612.0,0.0
10418,14,46,189,2017,701.0,0.0
10419,14,242,189,2017,736.0,0.0
10420,14,109,189,2017,5405.0,4665.0
10421,14,220,189,2017,13005.0,0.0
10422,14,176,189,2017,285448.0,0.0
10423,14,34,189,2017,30245.0,0.0
10424,14,47,189,2017,1456.0,0.0
10425,14,133,189,2017,33296.0,2414.0
10426,14,156,189,2017,63831.0,36092.0
10427,14,196,189,2017,0.0,1136.0
10428,14,165,189,2017,9557.0,0.0
10429,14,21,189,2017,2272.0,0.0
10430,14,158,189,2017,3677.0,0.0
10431,14,240,189,2017,194013.0,0.0
10432,14,182,189,2017,1548.0,0.0
10433,14,195,189,2017,15944.0,0.0
10434,14,75,189,2017,2194296.0,158160.0
10435,14,175,189,2017,4466.0,0.0
10436,14,48,189,2017,3472.0,0.0
10437,14,137,189,2017,7844.0,0.0
10438,14,56,189,2017,1534.0,0.0
10439,14,7,190,2017,45048.0,0.0
10440,14,8,190,2017,0.0,3698.0
10441,14,15,190,2017,28619.0,459046.0
10442,14,18,190,2017,37083.0,24779.0
10443,14,23,190,2017,5602.0,7996.0
10444,14,32,190,2017,0.0,24020.0
10445,14,33,190,2017,0.0,1434.0
10446,14,39,190,2017,170232.0,758121.0
10447,14,41,190,2017,49091.0,289280.0
10448,14,42,190,2017,3441.0,0.0
10449,14,43,190,2017,85518.0,31516321.0
10450,14,49,190,2017,2854.0,0.0
10451,14,61,190,2017,482009.0,8946332.0
10452,14,64,190,2017,4441.0,287564.0
10453,14,71,190,2017,79349.0,442204.0
10454,14,74,190,2017,9286.0,97920.0
10455,14,77,190,2017,184070.0,2759241.0
10456,14,81,190,2017,541621.0,2355284.0
10457,14,90,190,2017,0.0,21361.0
10458,14,97,190,2017,177939.0,313048.0
10459,14,102,190,2017,2045.0,4840.0
10460,14,103,190,2017,40827.0,13423662.0
10461,14,104,190,2017,9785.0,159358.0
10462,14,106,190,2017,3643.0,40885.0
10463,14,111,190,2017,94366.0,2044355.0
10464,14,114,190,2017,632578.0,22134001.0
10465,14,121,190,2017,71437.0,871382.0
10466,14,138,190,2017,1780.0,1794734.0
10467,14,153,190,2017,39816.0,3358065.0
10468,14,162,190,2017,107299.0,650934.0
10469,14,163,190,2017,54267.0,2064.0
10470,14,166,190,2017,2412821.0,574375.0
10471,14,173,190,2017,0.0,12072.0
10472,14,174,190,2017,14013.0,17144.0
10473,14,177,190,2017,18524.0,72274.0
10474,14,179,190,2017,3674.0,12197.0
10475,14,188,190,2017,255748.0,0.0
10476,14,192,190,2017,86157.0,73621.0
10477,14,206,190,2017,0.0,14082.0
10478,14,207,190,2017,14944.0,8680.0
10479,14,208,190,2017,37520.0,1322414.0
10480,14,216,190,2017,33268.0,211447.0
10481,14,224,190,2017,0.0,85440.0
10482,14,231,190,2017,1010218.0,26908293.0
10483,14,246,190,2017,30261.0,19138.0
10484,14,249,190,2017,36935.0,2444048.0
10485,14,250,190,2017,1150.0,0.0
10486,14,59,190,2017,299777.0,789312.0
10487,14,124,190,2017,0.0,2046.0
10488,14,131,190,2017,1208.0,0.0
10489,14,168,190,2017,0.0,59564.0
10490,14,110,190,2017,21972.0,78201.0
10491,14,212,190,2017,0.0,5879.0
10492,14,228,190,2017,0.0,1197.0
10493,14,185,190,2017,0.0,224366.0
10494,14,186,190,2017,0.0,5047.0
10495,14,226,190,2017,1763.0,4170.0
10496,14,44,190,2017,1296.0,0.0
10497,14,239,190,2017,95770.0,1733317.0
10498,14,72,190,2017,798.0,140581.0
10499,14,123,190,2017,0.0,1131.0
10500,14,28,190,2017,0.0,3390.0
10501,14,68,190,2017,0.0,2677.0
10502,14,100,190,2017,0.0,2400.0
10503,14,132,190,2017,0.0,9965.0
10504,14,164,190,2017,0.0,33061.0
10505,14,201,190,2017,0.0,9017.0
10506,14,38,190,2017,0.0,117178.0
10507,14,83,190,2017,8610.0,3563.0
10508,14,242,190,2017,5059.0,0.0
10509,14,109,190,2017,1320.0,1248.0
10510,14,220,190,2017,6515.0,0.0
10511,14,176,190,2017,69543.0,0.0
10512,14,34,190,2017,0.0,2177.0
10513,14,133,190,2017,2112.0,0.0
10514,14,156,190,2017,155580.0,0.0
10515,14,21,190,2017,0.0,1154.0
10516,14,240,190,2017,41226.0,0.0
10517,14,195,190,2017,84794.0,0.0
10518,14,75,190,2017,94771.0,18023.0
10519,14,175,190,2017,2357.0,0.0
10520,14,119,190,2017,17436.0,0.0
10521,14,95,190,2017,1543.0,0.0
10522,14,1,193,2017,78271.0,0.0
10523,14,7,193,2017,2220321.0,598982.0
10524,14,8,193,2017,82747.0,33876.0
10525,14,15,193,2017,210831.0,3802036.0
10526,14,18,193,2017,1427335.0,3286051.0
10527,14,23,193,2017,18320.0,2362542.0
10528,14,32,193,2017,747347.0,224538.0
10529,14,33,193,2017,742.0,26109.0
10530,14,39,193,2017,941450.0,8707451.0
10531,14,41,193,2017,428773.0,3094889.0
10532,14,42,193,2017,77027.0,2418.0
10533,14,43,193,2017,2146167.0,1324109171.0
10534,14,49,193,2017,35186.0,731645.0
10535,14,52,193,2017,22068.0,5430.0
10536,14,55,193,2017,2437.0,0.0
10537,14,58,193,2017,21842.0,16726.0
10538,14,61,193,2017,2571651.0,26894634.0
10539,14,64,193,2017,213436.0,10595728.0
10540,14,65,193,2017,662.0,34417.0
10541,14,67,193,2017,786.0,0.0
10542,14,71,193,2017,3539179.0,5198866.0
10543,14,74,193,2017,24076.0,1358608.0
10544,14,77,193,2017,2664652.0,10378842.0
10545,14,81,193,2017,10862776.0,44830564.0
10546,14,90,193,2017,30745.0,340515.0
10547,14,93,193,2017,0.0,78316.0
10548,14,97,193,2017,14001711.0,19006389.0
10549,14,99,193,2017,0.0,32025.0
10550,14,102,193,2017,58348.0,8095886.0
10551,14,103,193,2017,551713.0,16922844.0
10552,14,104,193,2017,845622.0,22916496.0
10553,14,106,193,2017,168275.0,390533.0
10554,14,111,193,2017,299526.0,20019121.0
10555,14,112,193,2017,1607.0,0.0
10556,14,113,193,2017,5285.0,0.0
10557,14,114,193,2017,4684796.0,45304518.0
10558,14,118,193,2017,2662593.0,91789.0
10559,14,121,193,2017,5818251.0,9543884.0
10560,14,122,193,2017,60639.0,0.0
10561,14,130,193,2017,2751.0,107777.0
10562,14,138,193,2017,1057401.0,8364357.0
10563,14,153,193,2017,12045654.0,15737667.0
10564,14,160,193,2017,12222.0,0.0
10565,14,162,193,2017,1092457.0,7533058.0
10566,14,163,193,2017,144516.0,104790.0
10567,14,166,193,2017,69944691.0,13324706.0
10568,14,169,193,2017,37152.0,0.0
10569,14,173,193,2017,151296.0,172947.0
10570,14,174,193,2017,19169620.0,5329551.0
10571,14,177,193,2017,142615.0,2754968.0
10572,14,179,193,2017,165771.0,379929.0
10573,14,180,193,2017,919.0,0.0
10574,14,188,193,2017,102279.0,0.0
10575,14,192,193,2017,16239870.0,5085820.0
10576,14,197,193,2017,9947.0,2861.0
10577,14,205,193,2017,23052.0,1180.0
10578,14,206,193,2017,29637.0,1094755.0
10579,14,207,193,2017,103232.0,1131227.0
10580,14,208,193,2017,353599.0,2489575.0
10581,14,216,193,2017,673424.0,23721044.0
10582,14,224,193,2017,26795.0,1605806.0
10583,14,230,193,2017,37271.0,0.0
10584,14,231,193,2017,23657414.0,213455224.0
10585,14,236,193,2017,0.0,27243.0
10586,14,246,193,2017,5694916.0,937117.0
10587,14,249,193,2017,814120.0,52543180.0
10588,14,250,193,2017,289613.0,0.0
10589,14,29,193,2017,0.0,551728.0
10590,14,59,193,2017,177777.0,12388352.0
10591,14,124,193,2017,68830.0,3062.0
10592,14,131,193,2017,1549.0,47501.0
10593,14,168,193,2017,206127.0,5487466.0
10594,14,2,193,2017,407.0,0.0
10595,14,107,193,2017,4076.0,21154.0
10596,14,110,193,2017,330538.0,1321228.0
10597,14,128,193,2017,267114.0,1683495.0
10598,14,183,193,2017,196870.0,1066.0
10599,14,228,193,2017,5856.0,189116.0
10600,14,13,193,2017,4800.0,0.0
10601,14,73,193,2017,179.0,0.0
10602,14,185,193,2017,3236.0,605737.0
10603,14,186,193,2017,95854.0,56705.0
10604,14,31,193,2017,0.0,326.0
10605,14,145,193,2017,3770.0,0.0
10606,14,226,193,2017,110470.0,0.0
10607,14,44,193,2017,24601.0,0.0
10608,14,140,193,2017,6133.0,0.0
10609,14,134,193,2017,0.0,35662.0
10610,14,239,193,2017,2414575.0,33474471.0
10611,14,22,193,2017,122896.0,496341.0
10612,14,159,193,2017,961.0,0.0
10613,14,142,193,2017,14318.0,4131.0
10614,14,237,193,2017,0.0,116270.0
10615,14,72,193,2017,11020.0,482535.0
10616,14,123,193,2017,6194.0,2569.0
10617,14,143,193,2017,33634.0,118604.0
10618,14,191,193,2017,6286.0,0.0
10619,14,30,193,2017,10861.0,0.0
10620,14,26,193,2017,1948.0,214848.0
10621,14,28,193,2017,0.0,75350.0
10622,14,68,193,2017,158830.0,0.0
10623,14,100,193,2017,7041.0,483632.0
10624,14,108,193,2017,465223.0,0.0
10625,14,116,193,2017,9383.0,202364.0
10626,14,132,193,2017,0.0,224964.0
10627,14,147,193,2017,12957.0,0.0
10628,14,151,193,2017,171953.0,4657.0
10629,14,164,193,2017,18152.0,99187.0
10630,14,167,193,2017,50547.0,1872.0
10631,14,201,193,2017,0.0,306147.0
10632,14,223,193,2017,0.0,105659.0
10633,14,211,193,2017,37809.0,0.0
10634,14,227,193,2017,4579.0,0.0
10635,14,4,193,2017,1224.0,0.0
10636,14,144,193,2017,0.0,35525.0
10637,14,248,193,2017,1880.0,0.0
10638,14,9,193,2017,8028.0,0.0
10639,14,17,193,2017,1189.0,0.0
10640,14,83,193,2017,12296.0,170.0
10641,14,139,193,2017,7782.0,0.0
10642,14,242,193,2017,40203.0,29611.0
10643,14,109,193,2017,173333.0,11975.0
10644,14,136,193,2017,12552.0,0.0
10645,14,220,193,2017,39511.0,0.0
10646,14,176,193,2017,1195736.0,0.0
10647,14,34,193,2017,66484.0,1176870.0
10648,14,45,193,2017,1251.0,0.0
10649,14,47,193,2017,2673.0,0.0
10650,14,133,193,2017,30190906.0,387863.0
10651,14,156,193,2017,1100155.0,3340.0
10652,14,196,193,2017,8531.0,138377.0
10653,14,215,193,2017,1592.0,0.0
10654,14,247,193,2017,7420.0,0.0
10655,14,35,193,2017,0.0,1889.0
10656,14,40,193,2017,30630.0,0.0
10657,14,57,193,2017,0.0,25839.0
10658,14,165,193,2017,69263.0,0.0
10659,14,21,193,2017,3378.0,0.0
10660,14,158,193,2017,54926.0,0.0
10661,14,240,193,2017,263423.0,87160.0
10662,14,182,193,2017,268983.0,12886.0
10663,14,195,193,2017,116617.0,0.0
10664,14,75,193,2017,875238.0,705958.0
10665,14,175,193,2017,1306.0,0.0
10666,14,48,193,2017,171503.0,0.0
10667,14,119,193,2017,7219.0,0.0
10668,14,3,193,2017,0.0,1304.0
10669,14,79,193,2017,128762.0,0.0
10670,14,137,193,2017,61029.0,0.0
10671,14,95,193,2017,10324.0,0.0
10672,14,146,193,2017,75705.0,0.0
10673,14,202,193,2017,2266.0,0.0
10674,14,221,193,2017,21608.0,0.0
10675,14,56,193,2017,65396.0,0.0
10676,14,7,194,2017,123707.0,112088.0
10677,14,8,194,2017,0.0,246426.0
10678,14,15,194,2017,1332627.0,1099686.0
10679,14,18,194,2017,65100.0,345751.0
10680,14,23,194,2017,2878.0,13237.0
10681,14,24,194,2017,13502.0,0.0
10682,14,32,194,2017,5692.0,499099.0
10683,14,33,194,2017,820.0,0.0
10684,14,39,194,2017,998867.0,492988.0
10685,14,41,194,2017,686101.0,1853920.0
10686,14,42,194,2017,88834.0,42085.0
10687,14,43,194,2017,602419.0,207532880.0
10688,14,49,194,2017,41652.0,395581.0
10689,14,52,194,2017,0.0,1171.0
10690,14,58,194,2017,22948.0,1471.0
10691,14,61,194,2017,1687084.0,28027140.0
10692,14,64,194,2017,48424.0,1280814.0
10693,14,67,194,2017,0.0,1057.0
10694,14,71,194,2017,27752.0,970798.0
10695,14,74,194,2017,16171.0,10306.0
10696,14,77,194,2017,954585.0,20946175.0
10697,14,81,194,2017,788030.0,6445612.0
10698,14,90,194,2017,62528.0,200520.0
10699,14,97,194,2017,981029.0,2532862.0
10700,14,102,194,2017,3612.0,98714.0
10701,14,103,194,2017,720358.0,9055716.0
10702,14,104,194,2017,305363.0,8086066.0
10703,14,106,194,2017,19421.0,1745306.0
10704,14,111,194,2017,206653.0,3243785.0
10705,14,112,194,2017,13241.0,0.0
10706,14,113,194,2017,2584.0,53221.0
10707,14,114,194,2017,701059.0,17243051.0
10708,14,118,194,2017,3839.0,84058.0
10709,14,121,194,2017,381124.0,4852447.0
10710,14,122,194,2017,71509.0,1797.0
10711,14,130,194,2017,3311.0,183995.0
10712,14,138,194,2017,51006.0,1206648.0
10713,14,153,194,2017,286841.0,10923069.0
10714,14,162,194,2017,211436.0,976808.0
10715,14,163,194,2017,23374.0,48724.0
10716,14,166,194,2017,16774121.0,3186904.0
10717,14,169,194,2017,15644.0,0.0
10718,14,173,194,2017,0.0,56099.0
10719,14,174,194,2017,98895.0,506265.0
10720,14,177,194,2017,147390.0,1087091.0
10721,14,179,194,2017,84564.0,64319.0
10722,14,188,194,2017,0.0,1423.0
10723,14,190,194,2017,2615.0,0.0
10724,14,192,194,2017,797423.0,4878828.0
10725,14,197,194,2017,0.0,517376.0
10726,14,206,194,2017,11065.0,11593.0
10727,14,207,194,2017,2528.0,39574.0
10728,14,208,194,2017,153033.0,833650.0
10729,14,216,194,2017,279520.0,1897228.0
10730,14,222,194,2017,0.0,2603.0
10731,14,224,194,2017,16599.0,63808.0
10732,14,230,194,2017,4412.0,165423.0
10733,14,231,194,2017,1589549.0,33867809.0
10734,14,246,194,2017,93529.0,605989.0
10735,14,249,194,2017,131724.0,4560975.0
10736,14,250,194,2017,16941.0,0.0
10737,14,59,194,2017,59309.0,324339.0
10738,14,124,194,2017,0.0,105402.0
10739,14,131,194,2017,0.0,80827.0
10740,14,168,194,2017,61521.0,1385429.0
10741,14,107,194,2017,5718.0,68456.0
10742,14,110,194,2017,30053.0,406663.0
10743,14,128,194,2017,27614.0,1377568.0
10744,14,183,194,2017,29451.0,32250.0
10745,14,212,194,2017,0.0,4015.0
10746,14,73,194,2017,1325.0,0.0
10747,14,185,194,2017,4981.0,3747.0
10748,14,186,194,2017,91431.0,904.0
10749,14,145,194,2017,8399.0,0.0
10750,14,226,194,2017,1996.0,0.0
10751,14,44,194,2017,11237.0,0.0
10752,14,140,194,2017,382.0,0.0
10753,14,134,194,2017,15545.0,2565.0
10754,14,239,194,2017,701415.0,4563238.0
10755,14,22,194,2017,0.0,34330.0
10756,14,159,194,2017,9078.0,0.0
10757,14,72,194,2017,122284.0,5621.0
10758,14,123,194,2017,210831.0,0.0
10759,14,143,194,2017,9259.0,1479.0
10760,14,191,194,2017,59533.0,0.0
10761,14,16,194,2017,2071.0,0.0
10762,14,10,194,2017,16295.0,2542.0
10763,14,68,194,2017,829.0,227599.0
10764,14,82,194,2017,0.0,1578.0
10765,14,100,194,2017,871.0,1368.0
10766,14,108,194,2017,11502.0,0.0
10767,14,116,194,2017,8780.0,1673.0
10768,14,132,194,2017,1401.0,3321.0
10769,14,135,194,2017,532.0,0.0
10770,14,147,194,2017,1537.0,0.0
10771,14,151,194,2017,0.0,21231.0
10772,14,164,194,2017,7659.0,0.0
10773,14,167,194,2017,8725.0,0.0
10774,14,201,194,2017,1460.0,0.0
10775,14,223,194,2017,0.0,105969.0
10776,14,232,194,2017,2637.0,0.0
10777,14,248,194,2017,1727.0,0.0
10778,14,66,194,2017,1750.0,0.0
10779,14,83,194,2017,17825.0,221.0
10780,14,46,194,2017,133.0,0.0
10781,14,242,194,2017,76883.0,20761.0
10782,14,141,194,2017,516.0,0.0
10783,14,109,194,2017,3943.0,0.0
10784,14,136,194,2017,19789.0,3730.0
10785,14,220,194,2017,220088.0,39008.0
10786,14,176,194,2017,1864900.0,1345.0
10787,14,34,194,2017,32544.0,1603.0
10788,14,45,194,2017,0.0,1190.0
10789,14,133,194,2017,1303.0,0.0
10790,14,155,194,2017,0.0,1674.0
10791,14,156,194,2017,561426.0,0.0
10792,14,165,194,2017,13838.0,0.0
10793,14,21,194,2017,1599.0,0.0
10794,14,158,194,2017,13318.0,0.0
10795,14,240,194,2017,167880.0,0.0
10796,14,182,194,2017,76628.0,0.0
10797,14,195,194,2017,105065.0,1849.0
10798,14,75,194,2017,2033590.0,47984.0
10799,14,48,194,2017,61886.0,0.0
10800,14,119,194,2017,82812.0,0.0
10801,14,137,194,2017,105932.0,0.0
10802,14,95,194,2017,82534.0,0.0
10803,14,221,194,2017,53701.0,0.0
10804,14,225,194,2017,6541.0,0.0
10805,14,56,194,2017,6237.0,0.0
10806,14,7,195,2017,339071.0,13692.0
10807,14,8,195,2017,0.0,47135.0
10808,14,15,195,2017,116263.0,729475.0
10809,14,18,195,2017,903504.0,1132161.0
10810,14,23,195,2017,872.0,4515.0
10811,14,24,195,2017,3198.0,0.0
10812,14,32,195,2017,6603.0,37209.0
10813,14,33,195,2017,0.0,1107.0
10814,14,39,195,2017,443245.0,754806.0
10815,14,41,195,2017,1822706.0,3307972.0
10816,14,42,195,2017,13442.0,4265.0
10817,14,43,195,2017,382977.0,6877741.0
10818,14,49,195,2017,3025.0,107325.0
10819,14,52,195,2017,0.0,2790.0
10820,14,58,195,2017,1915.0,0.0
10821,14,61,195,2017,3576745.0,5674314.0
10822,14,64,195,2017,128794.0,184541.0
10823,14,67,195,2017,0.0,20433.0
10824,14,71,195,2017,137902.0,399457.0
10825,14,74,195,2017,19995.0,8821.0
10826,14,77,195,2017,809656.0,5486769.0
10827,14,81,195,2017,18070896.0,49275492.0
10828,14,90,195,2017,22637.0,227094.0
10829,14,93,195,2017,0.0,1792.0
10830,14,97,195,2017,4943254.0,2517069.0
10831,14,102,195,2017,3874.0,43754.0
10832,14,103,195,2017,48755.0,368217.0
10833,14,104,195,2017,158984.0,598523.0
10834,14,106,195,2017,35466.0,312906.0
10835,14,111,195,2017,217534.0,4066219.0
10836,14,113,195,2017,0.0,1089.0
10837,14,114,195,2017,443042.0,2032282.0
10838,14,118,195,2017,0.0,19086.0
10839,14,121,195,2017,153656.0,673370.0
10840,14,122,195,2017,26614.0,1807.0
10841,14,130,195,2017,3281.0,6544.0
10842,14,138,195,2017,46350.0,209169.0
10843,14,153,195,2017,58439.0,140013.0
10844,14,162,195,2017,1154656.0,1632574.0
10845,14,163,195,2017,43900.0,11919.0
10846,14,166,195,2017,4339930.0,17019109.0
10847,14,173,195,2017,0.0,32471.0
10848,14,174,195,2017,50350.0,215859.0
10849,14,177,195,2017,29278.0,180807.0
10850,14,179,195,2017,9131.0,22873.0
10851,14,188,195,2017,18600.0,0.0
10852,14,192,195,2017,5444604.0,2640413.0
10853,14,206,195,2017,0.0,21575.0
10854,14,208,195,2017,79798.0,311397.0
10855,14,216,195,2017,73934.0,99013.0
10856,14,224,195,2017,67627.0,58560.0
10857,14,230,195,2017,0.0,30711.0
10858,14,231,195,2017,21467423.0,77065188.0
10859,14,246,195,2017,200233.0,1058721.0
10860,14,249,195,2017,122221.0,901558.0
10861,14,250,195,2017,153271.0,0.0
10862,14,59,195,2017,21483.0,227399.0
10863,14,124,195,2017,8218.0,3135.0
10864,14,131,195,2017,59204.0,1026.0
10865,14,107,195,2017,0.0,8054.0
10866,14,110,195,2017,46657.0,334973.0
10867,14,128,195,2017,3624.0,3576.0
10868,14,183,195,2017,8317.0,101627.0
10869,14,228,195,2017,1531.0,6718.0
10870,14,54,195,2017,0.0,3962.0
10871,14,185,195,2017,31755.0,4097.0
10872,14,186,195,2017,12238.0,116543.0
10873,14,145,195,2017,0.0,265.0
10874,14,226,195,2017,0.0,18960.0
10875,14,134,195,2017,0.0,19260.0
10876,14,239,195,2017,0.0,186178.0
10877,14,159,195,2017,0.0,3211.0
10878,14,142,195,2017,1701.0,0.0
10879,14,72,195,2017,0.0,7290.0
10880,14,123,195,2017,0.0,5237.0
10881,14,143,195,2017,0.0,5502.0
10882,14,191,195,2017,0.0,8135.0
10883,14,16,195,2017,0.0,36159.0
10884,14,30,195,2017,112934.0,0.0
10885,14,10,195,2017,23034.0,0.0
10886,14,68,195,2017,0.0,48738.0
10887,14,100,195,2017,0.0,11779.0
10888,14,116,195,2017,3364.0,9974.0
10889,14,117,195,2017,24730.0,0.0
10890,14,132,195,2017,27409.0,0.0
10891,14,147,195,2017,0.0,13983.0
10892,14,151,195,2017,0.0,3296.0
10893,14,164,195,2017,0.0,173105.0
10894,14,167,195,2017,4013.0,1010.0
10895,14,201,195,2017,0.0,15151.0
10896,14,232,195,2017,0.0,7384.0
10897,14,4,195,2017,0.0,2219.0
10898,14,248,195,2017,0.0,47536.0
10899,14,109,195,2017,1084.0,1743.0
10900,14,136,195,2017,0.0,37199.0
10901,14,220,195,2017,7560.0,0.0
10902,14,176,195,2017,175260.0,240076.0
10903,14,34,195,2017,4221.0,0.0
10904,14,37,195,2017,0.0,14192.0
10905,14,47,195,2017,0.0,1000.0
10906,14,133,195,2017,2862.0,0.0
10907,14,155,195,2017,0.0,49493.0
10908,14,156,195,2017,12961.0,16976.0
10909,14,247,195,2017,0.0,10073.0
10910,14,5,195,2017,0.0,2991.0
10911,14,240,195,2017,9402.0,4853.0
10912,14,182,195,2017,0.0,72971.0
10913,14,195,195,2017,13603.0,71857.0
10914,14,75,195,2017,23478.0,0.0
10915,14,175,195,2017,0.0,50914.0
10916,14,137,195,2017,6045.0,0.0
10917,14,146,195,2017,36901.0,0.0
10918,14,221,195,2017,0.0,2371.0
10919,14,7,105,2017,362792.0,0.0
10920,14,15,105,2017,939.0,0.0
10921,14,18,105,2017,128472.0,2362.0
10922,14,23,105,2017,0.0,4007.0
10923,14,24,105,2017,1227.0,0.0
10924,14,39,105,2017,166692.0,86071.0
10925,14,41,105,2017,59266.0,1903.0
10926,14,42,105,2017,19480.0,567526.0
10927,14,43,105,2017,825763.0,7769069.0
10928,14,49,105,2017,0.0,8651184.0
10929,14,52,105,2017,33570.0,33612.0
10930,14,61,105,2017,183440.0,149785.0
10931,14,64,105,2017,0.0,2867.0
10932,14,67,105,2017,0.0,9160383.0
10933,14,71,105,2017,32654.0,36205.0
10934,14,74,105,2017,0.0,23459.0
10935,14,77,105,2017,769945.0,229993.0
10936,14,81,105,2017,110292.0,227220.0
10937,14,90,105,2017,778.0,0.0
10938,14,97,105,2017,39484.0,5675.0
10939,14,103,105,2017,67827.0,586359.0
10940,14,104,105,2017,0.0,2054856.0
10941,14,106,105,2017,239218.0,0.0
10942,14,111,105,2017,140007.0,104893.0
10943,14,114,105,2017,2568316.0,118705.0
10944,14,121,105,2017,532167.0,189258.0
10945,14,122,105,2017,51741.0,0.0
10946,14,153,105,2017,7921.0,10358191.0
10947,14,162,105,2017,2853052.0,14278570.0
10948,14,163,105,2017,11597.0,13067.0
10949,14,166,105,2017,514125.0,2336361.0
10950,14,173,105,2017,322118.0,0.0
10951,14,174,105,2017,0.0,43920.0
10952,14,177,105,2017,0.0,44122.0
10953,14,179,105,2017,32389.0,0.0
10954,14,188,105,2017,36531.0,0.0
10955,14,192,105,2017,185156.0,3037051.0
10956,14,207,105,2017,8907.0,0.0
10957,14,216,105,2017,110628.0,1951168.0
10958,14,224,105,2017,0.0,34154.0
10959,14,231,105,2017,1753631.0,664012.0
10960,14,246,105,2017,22885.0,560229.0
10961,14,249,105,2017,250925.0,8476514.0
10962,14,250,105,2017,5276.0,0.0
10963,14,59,105,2017,3926.0,0.0
10964,14,124,105,2017,0.0,8559.0
10965,14,131,105,2017,1257.0,0.0
10966,14,168,105,2017,0.0,3513.0
10967,14,107,105,2017,0.0,2281.0
10968,14,110,105,2017,6721.0,428003.0
10969,14,128,105,2017,1386.0,413404.0
10970,14,183,105,2017,387107.0,0.0
10971,14,73,105,2017,2390.0,302835.0
10972,14,186,105,2017,6306.0,0.0
10973,14,226,105,2017,0.0,3243.0
10974,14,44,105,2017,0.0,1023.0
10975,14,134,105,2017,121600.0,0.0
10976,14,239,105,2017,494141.0,2628810.0
10977,14,120,105,2017,0.0,2693.0
10978,14,16,105,2017,1935.0,0.0
10979,14,68,105,2017,0.0,12848.0
10980,14,82,105,2017,246249.0,0.0
10981,14,116,105,2017,0.0,14796425.0
10982,14,151,105,2017,1347.0,118046.0
10983,14,164,105,2017,0.0,2063.0
10984,14,167,105,2017,1558.0,0.0
10985,14,227,105,2017,0.0,5455.0
10986,14,248,105,2017,8226.0,20223.0
10987,14,83,105,2017,0.0,534.0
10988,14,109,105,2017,1123.0,0.0
10989,14,176,105,2017,55213.0,0.0
10990,14,34,105,2017,59625.0,0.0
10991,14,133,105,2017,88758.0,0.0
10992,14,156,105,2017,131595.0,0.0
10993,14,157,105,2017,0.0,76568.0
10994,14,75,105,2017,1689.0,8476.0
10995,14,137,105,2017,42793.0,0.0
10996,14,56,105,2017,1358.0,0.0
10997,14,7,152,2017,10143.0,1180.0
10998,14,15,152,2017,0.0,13718.0
10999,14,18,152,2017,4201.0,1287881.0
11000,14,39,152,2017,6008.0,3222.0
11001,14,41,152,2017,2011.0,4535.0
11002,14,42,152,2017,0.0,6753.0
11003,14,43,152,2017,19818.0,2423704.0
11004,14,61,152,2017,0.0,260836.0
11005,14,64,152,2017,0.0,26079.0
11006,14,71,152,2017,980.0,161614.0
11007,14,74,152,2017,0.0,10084.0
11008,14,77,152,2017,867.0,172618.0
11009,14,81,152,2017,5848.0,535486.0
11010,14,97,152,2017,14636.0,49399.0
11011,14,102,152,2017,0.0,39630.0
11012,14,103,152,2017,0.0,14464.0
11013,14,104,152,2017,9647.0,10367239.0
11014,14,106,152,2017,0.0,6594.0
11015,14,111,152,2017,10188.0,1174389.0
11016,14,114,152,2017,0.0,121061.0
11017,14,121,152,2017,5988.0,266358.0
11018,14,130,152,2017,0.0,160294.0
11019,14,153,152,2017,0.0,208643.0
11020,14,162,152,2017,19523.0,534627.0
11021,14,166,152,2017,145047.0,1315663.0
11022,14,173,152,2017,0.0,1948.0
11023,14,174,152,2017,14177.0,34828.0
11024,14,177,152,2017,0.0,125121.0
11025,14,179,152,2017,0.0,1916.0
11026,14,192,152,2017,3548.0,0.0
11027,14,208,152,2017,0.0,18673.0
11028,14,216,152,2017,16136.0,42253.0
11029,14,224,152,2017,0.0,150420.0
11030,14,231,152,2017,26854.0,328605.0
11031,14,246,152,2017,0.0,8610.0
11032,14,249,152,2017,6075.0,38276.0
11033,14,29,152,2017,0.0,1191.0
11034,14,59,152,2017,0.0,10299.0
11035,14,110,152,2017,0.0,12034.0
11036,14,128,152,2017,0.0,1389893.0
11037,14,185,152,2017,0.0,2679.0
11038,14,186,152,2017,0.0,40408.0
11039,14,145,152,2017,1395.0,0.0
11040,14,239,152,2017,1485.0,9459.0
11041,14,22,152,2017,0.0,1832244.0
11042,14,72,152,2017,0.0,1221.0
11043,14,68,152,2017,0.0,996.0
11044,14,132,152,2017,0.0,2643.0
11045,14,147,152,2017,0.0,63713.0
11046,14,83,152,2017,708.0,0.0
11047,14,176,152,2017,3853.0,0.0
11048,14,133,152,2017,0.0,3602.0
11049,14,156,152,2017,16036.0,0.0
11050,14,240,152,2017,393001.0,0.0
11051,14,75,152,2017,2640.0,0.0
11052,14,7,176,2017,383014.0,39394.0
11053,14,18,176,2017,13071949.0,1084.0
11054,14,39,176,2017,0.0,33037.0
11055,14,41,176,2017,657128.0,0.0
11056,14,42,176,2017,2483782.0,0.0
11057,14,43,176,2017,76894258.0,211870.0
11058,14,49,176,2017,18632.0,0.0
11059,14,61,176,2017,240252.0,764149.0
11060,14,65,176,2017,1418.0,0.0
11061,14,71,176,2017,2996342.0,250378.0
11062,14,77,176,2017,0.0,54373.0
11063,14,81,176,2017,354447682.0,956174.0
11064,14,97,176,2017,4196.0,136200.0
11065,14,103,176,2017,11952927.0,0.0
11066,14,104,176,2017,72074207.0,156364.0
11067,14,111,176,2017,0.0,32421.0
11068,14,114,176,2017,31145084.0,0.0
11069,14,121,176,2017,57995569.0,4917038.0
11070,14,153,176,2017,3682694.0,266530.0
11071,14,162,176,2017,10891.0,0.0
11072,14,163,176,2017,0.0,4549.0
11073,14,166,176,2017,737294.0,509663.0
11074,14,169,176,2017,5028.0,0.0
11075,14,174,176,2017,3614676.0,0.0
11076,14,177,176,2017,6040719.0,0.0
11077,14,188,176,2017,4341742.0,0.0
11078,14,192,176,2017,32781.0,5253.0
11079,14,206,176,2017,0.0,2183.0
11080,14,216,176,2017,71588406.0,2721199.0
11081,14,224,176,2017,3185299.0,0.0
11082,14,231,176,2017,14519495.0,801443.0
11083,14,246,176,2017,19398590.0,330575.0
11084,14,249,176,2017,25703969.0,64017.0
11085,14,59,176,2017,0.0,7503.0
11086,14,124,176,2017,0.0,53612.0
11087,14,168,176,2017,8501083.0,0.0
11088,14,107,176,2017,82979.0,0.0
11089,14,115,176,2017,13202.0,0.0
11090,14,128,176,2017,4672545.0,0.0
11091,14,73,176,2017,54402.0,0.0
11092,14,186,176,2017,225411.0,0.0
11093,14,140,176,2017,1413.0,0.0
11094,14,239,176,2017,98009617.0,111843.0
11095,14,22,176,2017,7516019.0,0.0
11096,14,143,176,2017,0.0,1659196.0
11097,14,68,176,2017,4870.0,0.0
11098,14,117,176,2017,636.0,0.0
11099,14,220,176,2017,3915.0,0.0
11100,14,176,176,2017,20878.0,0.0
11101,14,156,176,2017,5236.0,0.0
11102,14,21,176,2017,2559.0,0.0
11103,14,62,176,2017,456843.0,0.0
11104,14,240,176,2017,0.0,7349.0
11105,14,75,176,2017,30869.0,0.0
11106,14,137,176,2017,1540.0,0.0
